Sample	Total_Reads	Mapped_Reads	Mapped_Percent	Duplicates	Duplicate_Percent
CAS-55-1	4065306	3206944
3169940	78.89
mapped	0	0
CAS-55-2	4155669	3331128
3282786	80.16
mapped	0	0
CAS-55-3	4307250	3510604
3467114	81.50
mapped	0	0
CAS-CTRL	4539933	3608984
3571363	79.49
mapped	0	0
STC-55-1	3983414	3187195
3150756	80.01
mapped	0	0
STC-55-2	4028060	3357282
3318570	83.35
mapped	0	0
STC-55-3	3265931	2737942
2707557	83.83
mapped	0	0
STC-CTRL	4282930	3350751
3310901	78.24
mapped	0	0
WT-37-55-1	3754676	3088051
3049856	82.25
mapped	0	0
WT-37-55-2	3958982	3230574
3185295	81.60
mapped	0	0
WT-37-55-3	3737530	3092473
3048943	82.74
mapped	0	0
WT-CTRL	3585226	2896781
2865494	80.80
mapped	0	0
WTA-55-1	4139443	3349146
3305574	80.91
mapped	0	0
WTA-55-2	3813225	3066586
3029448	80.42
mapped	0	0
WTA-55-3	4258554	3401768
3359532	79.88
mapped	0	0
