Sample	Total_Reads	Mapped_Reads	Mapped_Percent	Duplicates	Duplicate_Percent
CAS-55-1	3946043	3928962
3925888	99.57
mapped	0	0
CAS-55-2	4033139	3997493
3995571	99.12
mapped	0	0
CAS-55-3	4187873	4154140
4151851	99.19
mapped	0	0
CAS-CTRL	4389518	4361836
4359624	99.37
mapped	0	0
STC-55-1	3864919	3843676
3841158	99.45
mapped	0	0
STC-55-2	3925482	3902027
3898450	99.40
mapped	0	0
STC-55-3	3195771	3173779
3171740	99.31
mapped	0	0
STC-CTRL	4107035	4090751
4088195	99.60
mapped	0	0
WT-37-55-1	3653138	3620806
3618640	99.11
mapped	0	0
WT-37-55-2	3832331	3805541
3803336	99.30
mapped	0	0
WT-37-55-3	3632132	3613062
3609777	99.47
mapped	0	0
WT-CTRL	3495662	3450648
3448940	98.71
mapped	0	0
WTA-55-1	4017612	3999549
3996096	99.55
mapped	0	0
WTA-55-2	3691584	3668189
3666893	99.37
mapped	0	0
WTA-55-3	4102526	4085496
4082229	99.58
mapped	0	0
