#rname	startpos	endpos	numreads	covbases	coverage	meandepth	meanbaseq	meanmapq
JRIU01000371.1	1	283	572	283	100	222.558	39.2	53.8
JRIU01000370.1	1	1261	607	1261	100	68.0206	39.3	58.6
JRIU01000369.1	1	339	2389	339	100	815.142	39.3	59
JRIU01000368.1	1	300	161	300	100	70.9433	39.1	56
JRIU01000367.1	1	203	103	203	100	52.2759	39.2	57.3
JRIU01000366.1	1	243	198	243	100	84.5021	39.4	60
JRIU01000365.1	1	1642	2132	1642	100	182.552	39.2	60
JRIU01000364.1	1	1260	625	1260	100	67.6302	39.1	57.8
JRIU01000363.1	1	639	328	639	100	70.3865	39.2	60
JRIU01000362.1	1	346	200	346	100	69.5202	38.9	59.2
JRIU01000361.1	1	329	191	329	100	77.6839	39.3	59.9
JRIU01000360.1	1	466	250	466	100	73.618	39	60
JRIU01000359.1	1	1539	1393	1539	100	123.161	39.2	58.8
JRIU01000358.1	1	473	218	473	100	63.5391	39.2	59.8
JRIU01000357.1	1	607	644	607	100	118.28	39	48.1
JRIU01000356.1	1	344	5361	344	100	1746.25	39.2	59.9
JRIU01000355.1	1	367	7205	367	100	2210.17	39.2	60
JRIU01000354.1	1	330	325	330	100	115.721	39.1	41.5
JRIU01000353.1	1	222	2435	222	100	1217.86	39.3	57.9
JRIU01000352.1	1	244	2718	244	100	1130.45	39.3	59.8
JRIU01000351.1	1	781	344	781	100	63.6312	39.1	58.1
JRIU01000350.1	1	730	448	730	100	81.274	39.2	60
JRIU01000349.1	1	309	166	309	100	69.0809	39.2	59.9
JRIU01000348.1	1	216	1484	216	100	665.352	39.4	59.8
JRIU01000347.1	1	210	94	210	100	55.6905	39.1	60
JRIU01000346.1	1	394	264	394	100	81.8452	39	59.1
JRIU01000345.1	1	344	153	344	100	60.2209	39.1	60
JRIU01000344.1	1	210	4368	210	100	2033.83	39.1	60
JRIU01000343.1	1	220	239	220	100	110.4	39.2	59.2
JRIU01000342.1	1	303	174	303	100	68.462	39.2	58.2
JRIU01000341.1	1	236	93	236	100	50.0381	39.3	57.1
JRIU01000340.1	1	278	283	278	100	115.432	39.3	56.4
JRIU01000339.1	1	387	1610	387	100	494.972	39.2	59.9
JRIU01000338.1	1	479	4495	479	100	1206.09	39.1	58.8
JRIU01000337.1	1	282	2147	282	100	591.429	39.2	56.4
JRIU01000336.1	1	216	215	216	100	104.569	39.2	58.3
JRIU01000335.1	1	584	290	584	100	68.9658	39.2	60
JRIU01000334.1	1	433	319	433	100	84.5173	39.2	59.6
JRIU01000333.1	1	785	3379	785	100	559.417	39.2	59.9
JRIU01000332.1	1	386	2296	386	100	686.422	39.2	59.9
JRIU01000331.1	1	901	627	901	100	86.798	39.2	53.4
JRIU01000330.1	1	256	325	256	100	98.1094	39.3	51.9
JRIU01000329.1	1	241	197	241	100	83.2199	39.2	58.4
JRIU01000328.1	1	217	203	217	100	100.258	39.3	60
JRIU01000327.1	1	969	454	969	100	61.8277	39.1	31.1
JRIU01000326.1	1	1240	651	1240	100	68.6411	39.2	57.6
JRIU01000325.1	1	1039	867	1039	100	107.887	39.1	59.9
JRIU01000324.1	1	4966	3495	4966	100	97.2141	39.1	55.8
JRIU01000323.1	1	1059	635	1059	100	85.2266	39.2	57.1
JRIU01000322.1	1	3431	1798	3431	100	75.8024	39.2	59.6
JRIU01000321.1	1	2960	9364	2960	100	441.742	39	55.6
JRIU01000320.1	1	19759	7892	19759	100	57.9836	39.2	32.9
JRIU01000319.1	1	15446	7074	15445	99.9935	66.6083	39.2	29.1
JRIU01000318.1	1	2936	3457	2936	100	158.968	39.1	25.7
JRIU01000317.1	1	1483	3626	1362	91.8409	266.389	39.2	47.1
JRIU01000316.1	1	1799	817	1799	100	62.5926	39.2	59.9
JRIU01000315.1	1	1982	6303	1982	100	438.238	39	52.6
JRIU01000314.1	1	414	1109	414	100	272.638	39.1	33.5
JRIU01000313.1	1	2343	7185	2343	100	296.643	39.1	59.1
JRIU01000312.1	1	1697	1464	944	55.6276	120.925	39.1	50.1
JRIU01000311.1	1	2300	451	2290	99.5652	28.4861	39.2	19.4
JRIU01000310.1	1	386	310	386	100	105.876	39.2	59.9
JRIU01000309.1	1	4416	2236	4416	100	73.1187	39.1	59.6
JRIU01000308.1	1	318	290	318	100	102.764	39.2	60
JRIU01000307.1	1	368	324	368	100	100.853	39.2	60
JRIU01000306.1	1	2554	1291	2554	100	69.4327	39.1	59.6
JRIU01000305.1	1	311	146	311	100	61.328	39.1	59.7
JRIU01000304.1	1	265	215	265	100	97.5811	39.1	57.8
JRIU01000303.1	1	667	504	667	100	98.5067	39.3	60
JRIU01000302.1	1	2264	1280	2264	100	79.1047	39.2	57.7
JRIU01000301.1	1	557	548	557	100	125.531	39.3	58.4
JRIU01000300.1	1	272	109	272	100	51.7904	39.3	59
JRIU01000299.1	1	260	145	260	100	68.7538	39.2	57.2
JRIU01000298.1	1	896	603	896	100	81.1194	39.2	54.6
JRIU01000297.1	1	3237	2610	3237	100	116.542	39.2	59.7
JRIU01000296.1	1	312	297	312	100	115.907	39.2	59.5
JRIU01000295.1	1	1382	727	1382	100	74.3321	39.1	59.7
JRIU01000294.1	1	338	187	338	100	73.9793	39.1	59.7
JRIU01000293.1	1	449	239	449	100	72.3853	39.1	58.3
JRIU01000292.1	1	2913	1870	2913	100	90.4439	39	59.5
JRIU01000291.1	1	214	216	214	100	100.477	39.2	59.9
JRIU01000290.1	1	225	139	225	100	67.8978	39.1	59.8
JRIU01000289.1	1	219	115	219	100	62.4566	38.5	58.9
JRIU01000288.1	1	2257	1242	2257	100	79.2898	39.2	58.7
JRIU01000287.1	1	331	178	331	100	68.9547	39	59.8
JRIU01000286.1	1	1314	615	1314	100	65.7793	39.1	58.7
JRIU01000285.1	1	278	167	278	100	69.0504	39.4	57.9
JRIU01000284.1	1	5502	2807	5502	100	74.5505	39.2	59.6
JRIU01000283.1	1	981	2364	981	100	246.231	39.1	48.4
JRIU01000282.1	1	251	232	251	100	92.4223	39.2	59.8
JRIU01000281.1	1	302	1293	302	100	465.699	39.2	59.9
JRIU01000280.1	1	226	359	226	100	172.031	39.2	38.1
JRIU01000279.1	1	229	171	229	100	66.441	38.9	48.6
JRIU01000278.1	1	387	242	387	100	83.1059	39.3	59.5
JRIU01000277.1	1	212	1682	212	100	754.59	39.4	59.6
JRIU01000276.1	1	300	385	300	100	105.407	39.1	49.4
JRIU01000275.1	1	210	493	210	100	254.967	39.2	47.5
JRIU01000274.1	1	247	2954	247	100	807.279	39.2	59.6
JRIU01000273.1	1	252	294	252	100	130.016	39.3	59.4
JRIU01000272.1	1	6186	3394	6186	100	79.8867	39.2	59.6
JRIU01000271.1	1	342	164	342	100	61.1871	39	59.1
JRIU01000270.1	1	251	247	251	100	101.259	39.2	59.9
JRIU01000269.1	1	262	383	262	100	128.031	39.1	47.3
JRIU01000268.1	1	257	101	257	100	51.5097	39.2	58.5
JRIU01000267.1	1	421	534	421	100	151.204	39.2	59.9
JRIU01000266.1	1	724	301	724	100	59.7942	39.1	59
JRIU01000265.1	1	16337	3924	16337	100	35.3652	39.2	59.8
JRIU01000264.1	1	2795	687	2795	100	35.737	39.2	59.4
JRIU01000263.1	1	1415	471	1389	98.1625	48.1279	39.2	45.9
JRIU01000262.1	1	3968	1037	3933	99.1179	37.8067	39	18.6
JRIU01000261.1	1	322	106	322	100	33.6398	38.9	43.1
JRIU01000260.1	1	1073	2323	1073	100	289.045	39	50.6
JRIU01000259.1	1	39731	10179	39731	100	37.7535	39.2	59.8
JRIU01000258.1	1	2557	6843	2233	87.3289	364.215	39	56.8
JRIU01000257.1	1	3663	886	3663	100	35.6279	39.3	60
JRIU01000256.1	1	1724	215	1720	99.768	18.3451	38.9	36.5
JRIU01000255.1	1	68639	17370	68617	99.9679	37.429	39.2	59.2
JRIU01000254.1	1	4950	6867	3380	68.2828	186.947	38.8	49.2
JRIU01000253.1	1	162921	39999	162402	99.6814	36.2622	39.2	59.9
JRIU01000252.1	1	102309	24944	102075	99.7713	35.5831	39.2	58.9
JRIU01000251.1	1	3620	884	3620	100	35.6475	39.3	60
JRIU01000250.1	1	1881	577	1881	100	43.2685	39.2	55
JRIU01000249.1	1	103684	26532	103307	99.6364	37.6255	39.2	59.5
JRIU01000248.1	1	240	56	240	100	30.1042	39.3	47.2
JRIU01000247.1	1	126718	33200	126198	99.5896	38.0953	39.2	58.9
JRIU01000246.1	1	38089	9223	38089	100	35.6466	39.2	59.7
JRIU01000245.1	1	336	102	336	100	38.122	39.3	52
JRIU01000244.1	1	40110	10626	40110	100	39.181	39.2	59.9
JRIU01000243.1	1	9473	3757	9127	96.3475	48.3982	39.1	50.7
JRIU01000242.1	1	26286	5690	26286	100	32.0247	39.2	55.2
JRIU01000241.1	1	252	1126	252	100	216.302	39.2	47.9
JRIU01000240.1	1	61119	16106	60966	99.7497	38.5784	39.2	57.1
JRIU01000239.1	1	215	242	215	100	98.907	39.1	58.4
JRIU01000238.1	1	3011	986	3006	99.8339	47.5922	39.1	9.52
JRIU01000237.1	1	25567	6674	25422	99.4329	38.6172	39.2	56.9
JRIU01000236.1	1	264	62	264	100	29.8485	39.4	52.6
JRIU01000235.1	1	74472	18899	74069	99.4589	37.3583	39.2	59.7
JRIU01000234.1	1	791	181	603	76.2326	29.0986	39.1	58.2
JRIU01000233.1	1	5473	1380	5473	100	36.6625	39.1	59.3
JRIU01000232.1	1	3434	1173	3434	100	49.6634	39.2	33.8
JRIU01000231.1	1	272	691	272	100	157.426	38.4	20
JRIU01000230.1	1	162216	37329	162145	99.9562	33.8875	39.2	59.9
JRIU01000229.1	1	15387	3539	15385	99.987	33.9268	39.1	57.5
JRIU01000228.1	1	58506	15057	58116	99.3334	36.9361	39.2	58
JRIU01000227.1	1	161315	42228	161159	99.9033	38.6162	39.2	59.8
JRIU01000226.1	1	4264	4667	2553	59.8734	142.954	38.6	51
JRIU01000225.1	1	37117	9776	37117	100	38.9468	39.2	59.9
JRIU01000224.1	1	369	95	369	100	33.8401	39.3	52.5
JRIU01000223.1	1	1779	1066	1750	98.3699	65.9927	39.1	32.9
JRIU01000222.1	1	66247	15872	66247	100	35.3565	39.2	59.9
JRIU01000221.1	1	59649	13271	59630	99.9681	32.8139	39.2	59.5
JRIU01000220.1	1	74430	19344	74430	100	38.1606	39.2	59.7
JRIU01000219.1	1	68300	15904	68300	100	34.4261	39.2	60
JRIU01000218.1	1	251	38	251	100	16.741	38.2	45
JRIU01000217.1	1	38622	8797	38622	100	33.7239	39.2	57.9
JRIU01000216.1	1	85747	22243	84993	99.1207	35.3761	39.2	59.8
JRIU01000215.1	1	40602	11932	40518	99.7931	41.0429	39.2	57.9
JRIU01000214.1	1	1586	1776	1007	63.4931	147.632	39	56.5
JRIU01000213.1	1	100299	24628	100185	99.8863	36.0619	39.2	59.5
JRIU01000212.1	1	97056	25871	96977	99.9186	38.9301	39.2	58.3
JRIU01000211.1	1	253	84	253	100	36.4585	39.3	48.4
JRIU01000210.1	1	26756	6014	26740	99.9402	33.2507	39.2	58.6
JRIU01000209.1	1	377	206	377	100	73.1406	39.1	59.6
JRIU01000208.1	1	46428	11697	46404	99.9483	37.1624	39.2	59.8
JRIU01000207.1	1	6441	1450	6412	99.5498	32.7503	39.1	53.8
JRIU01000206.1	1	321	223	321	100	76.19	39	58.7
JRIU01000205.1	1	54996	9502	54587	99.2563	25.4451	39.1	9.44
JRIU01000204.1	1	236	69	236	100	35.3347	39	50.5
JRIU01000203.1	1	30927	7877	30602	98.9491	37.3652	39.2	59.7
JRIU01000202.1	1	18939	4818	18755	99.0285	35.0257	39.2	58
JRIU01000201.1	1	241589	60705	240988	99.7512	37.0713	39.2	59.3
JRIU01000200.1	1	18433	4557	17973	97.5045	36.2541	39.2	59.8
JRIU01000199.1	1	103298	27318	102915	99.6292	38.7528	39.2	58.9
JRIU01000198.1	1	283	248	283	100	93.7703	39.3	59.9
JRIU01000197.1	1	211	468	211	100	200.057	39.2	35.1
JRIU01000196.1	1	1537	416	1206	78.4645	29.8191	39.1	40.7
JRIU01000195.1	1	17280	4248	17218	99.6412	36.3723	39.2	59
JRIU01000194.1	1	3526	786	3526	100	32.0451	39.1	58.6
JRIU01000193.1	1	2184	609	2084	95.4212	38.9899	39.1	57.8
JRIU01000192.1	1	114136	28806	114136	100	36.5742	39.2	59.3
JRIU01000191.1	1	172874	40506	172572	99.8253	34.3563	39.2	59.5
JRIU01000190.1	1	235	154	235	100	54.3872	38.9	39.1
JRIU01000189.1	1	9852	2683	9852	100	39.0782	39.1	58.2
JRIU01000188.1	1	93523	21631	93462	99.9348	33.991	39.1	59.8
JRIU01000187.1	1	24915	8938	24747	99.3257	49.1346	39.2	46.2
JRIU01000186.1	1	75952	18869	75872	99.8947	36.3332	39.2	59.5
JRIU01000185.1	1	11680	3966	11680	100	48.4468	39.2	57.3
JRIU01000184.1	1	35488	7629	35439	99.8619	31.7039	39.2	57.9
JRIU01000183.1	1	110511	29159	109814	99.3693	38.3184	39.2	57.8
JRIU01000182.1	1	210	67	210	100	36.7857	39.2	45.4
JRIU01000181.1	1	230	760	230	100	316.204	39.1	42.2
JRIU01000180.1	1	8210	13256	4780	58.2217	217.024	38.9	58.9
JRIU01000179.1	1	4041	1218	4041	100	44.3145	39.1	7.84
JRIU01000178.1	1	15028	3854	14983	99.7006	37.4976	39.1	58.5
JRIU01000177.1	1	76725	19468	76354	99.5165	37.3859	39.2	59.8
JRIU01000176.1	1	126538	31405	126247	99.77	36.5291	39.2	59.8
JRIU01000175.1	1	3459	2028	3434	99.2772	76.2082	39.2	49.3
JRIU01000174.1	1	337	204	337	100	76.7389	39.3	59.6
JRIU01000173.1	1	346	94	346	100	32.3699	39.2	46.4
JRIU01000172.1	1	531	740	382	71.9397	129.06	38.7	20
JRIU01000171.1	1	269	404	269	100	170.825	39.1	32.2
JRIU01000170.1	1	20198	4846	20030	99.1682	35.2428	39.2	59.8
JRIU01000169.1	1	19962	4908	19958	99.98	36.3036	39.2	58.2
JRIU01000168.1	1	985	2176	698	70.8629	197.279	39	36.9
JRIU01000167.1	1	37245	9849	36911	99.1032	38.7182	39.2	59.6
JRIU01000166.1	1	20288	6014	19861	97.8953	37.049	39.2	52
JRIU01000165.1	1	291	70	291	100	31.8247	38.7	50.3
JRIU01000164.1	1	133823	35596	133689	99.8999	39.2453	39.2	59.9
JRIU01000163.1	1	103880	23022	103667	99.795	32.6248	39.2	59
JRIU01000162.1	1	4815	1830	4760	98.8577	55.4933	39.1	42.7
JRIU01000161.1	1	3344	1015	3244	97.0096	41.4297	39.1	52.6
JRIU01000160.1	1	1049	693	775	73.8799	61.8913	39	55.5
JRIU01000159.1	1	1845	381	1830	99.187	30.322	39.2	20.7
JRIU01000158.1	1	117423	32279	117258	99.8595	39.2259	39.2	59.8
JRIU01000157.1	1	307	259	307	100	106.41	39.3	37.5
JRIU01000156.1	1	11105	2841	10895	98.109	37.0906	39.2	59.4
JRIU01000155.1	1	23523	5260	23523	100	33.0277	39.2	58
JRIU01000154.1	1	193654	46965	193570	99.9566	35.8429	39.2	59.8
JRIU01000153.1	1	4096	907	4096	100	32.1887	39.1	59.4
JRIU01000152.1	1	4818	1233	4818	100	37.0232	39.1	58.3
JRIU01000151.1	1	6540	4296	6482	99.1131	82.1778	39.2	29.5
JRIU01000150.1	1	612	193	590	96.4052	27.3954	38.9	44.9
JRIU01000149.1	1	23978	6108	23976	99.9917	37.6191	39.2	58.4
JRIU01000148.1	1	14492	3174	14492	100	32.4023	39.2	56.7
JRIU01000147.1	1	40134	9227	40129	99.9875	33.9694	39.1	59.5
JRIU01000146.1	1	16573	3929	16573	100	35.0831	39.2	59.9
JRIU01000145.1	1	36783	9706	36268	98.5999	38.954	39.2	59.8
JRIU01000144.1	1	32124	7707	32077	99.8537	34.2182	39.2	58.9
JRIU01000143.1	1	1433	309	1423	99.3022	31.8835	39	20.8
JRIU01000142.1	1	68880	20562	68858	99.9681	43.3785	39.2	58.4
JRIU01000141.1	1	71009	16555	70985	99.9662	34.3485	39.2	58.5
JRIU01000140.1	1	34873	8952	34835	99.891	37.8661	39.2	59.9
JRIU01000139.1	1	270	291	247	91.4815	86.9222	39	59.9
JRIU01000138.1	1	49460	12354	48336	97.7275	36.3442	39.2	59.1
JRIU01000137.1	1	124619	28811	124389	99.8154	34.0008	39.2	42.6
JRIU01000136.1	1	10620	2658	10596	99.774	33.4386	39.1	49.2
JRIU01000135.1	1	68146	15649	68146	100	33.8946	39.2	59.3
JRIU01000134.1	1	2850	5380	1824	64	237.31	38.9	54.9
JRIU01000133.1	1	336272	87749	335802	99.8602	38.4516	39.2	59.8
JRIU01000132.1	1	36633	7977	36416	99.4076	32.1323	39.2	59.8
JRIU01000131.1	1	70561	15934	70419	99.7988	33.3332	39.2	59.4
JRIU01000130.1	1	434	558	388	89.4009	81.8894	38.3	21.1
JRIU01000129.1	1	20041	5412	20041	100	39.7478	39.2	59.8
JRIU01000128.1	1	4176	1027	4170	99.8563	35.6305	39	24.7
JRIU01000127.1	1	24131	5686	24130	99.9959	34.3312	39.2	59.4
JRIU01000126.1	1	133998	31209	133907	99.9321	34.2821	39.2	59.5
JRIU01000125.1	1	43186	11721	42941	99.4327	37.5843	39.2	53.3
JRIU01000124.1	1	23266	5754	23049	99.0673	35.2844	39.1	58.3
JRIU01000123.1	1	117283	30167	117160	99.8951	37.4496	39.2	58.9
JRIU01000122.1	1	140950	35383	140908	99.9702	37.0346	39.2	59.5
JRIU01000121.1	1	59584	14195	59563	99.9648	35.1896	39.2	59.9
JRIU01000120.1	1	9674	2653	9670	99.9587	40.0344	39.1	38.9
JRIU01000119.1	1	385	183	337	87.5325	32.226	39.3	50
JRIU01000118.1	1	1687	274	1687	100	23.5092	38.9	60
JRIU01000117.1	1	211	208	211	100	94.6635	39.2	59.4
JRIU01000116.1	1	59626	18183	59329	99.5019	40.252	39.2	54.9
JRIU01000115.1	1	16715	4520	16614	99.3958	39.1193	39.2	53.3
JRIU01000114.1	1	306	1474	306	100	310.686	38.9	36.8
JRIU01000113.1	1	306	677	306	100	208.121	39	26.4
JRIU01000112.1	1	7027	1550	7026	99.9858	32.5287	39.2	57.1
JRIU01000111.1	1	263	82	263	100	33.1255	39.1	58.5
JRIU01000110.1	1	6782	2928	6781	99.9853	63.9428	39.2	20.9
JRIU01000109.1	1	10760	2845	10622	98.7175	36.273	39.2	55
JRIU01000108.1	1	29787	7089	29750	99.8758	35.171	39.2	59
JRIU01000107.1	1	409	680	313	76.5281	106.741	37.8	14.5
JRIU01000106.1	1	755	287	619	81.9868	48.0675	39.1	55.7
JRIU01000105.1	1	759	206	759	100	35.0198	39.1	54.7
JRIU01000104.1	1	42339	10200	42319	99.9528	35.4271	39.2	58
JRIU01000103.1	1	86887	21250	86654	99.7318	34.8883	39.2	58.6
JRIU01000102.1	1	416	100	314	75.4808	23.8197	39.2	41.1
JRIU01000101.1	1	79474	17542	79338	99.8289	32.6477	39.2	59.4
JRIU01000100.1	1	54648	13907	54368	99.4876	37.2848	39.2	59.5
JRIU01000099.1	1	89607	21265	89259	99.6116	34.5815	39.2	58.7
JRIU01000098.1	1	8525	2532	8393	98.4516	40.2475	39.2	49.3
JRIU01000097.1	1	46547	12046	46268	99.4006	38.0759	39.2	59.8
JRIU01000096.1	1	1312	269	1301	99.1616	29.8064	39.1	43.2
JRIU01000095.1	1	38291	9896	38185	99.7232	37.6527	39.2	58.4
JRIU01000094.1	1	79276	20327	79106	99.7856	37.3284	39.2	59.4
JRIU01000093.1	1	29202	6668	29193	99.9692	33.5497	39.2	59.4
JRIU01000092.1	1	49227	12440	49227	100	37.3774	39.2	60
JRIU01000091.1	1	563	158	563	100	32.2345	39.1	50.9
JRIU01000090.1	1	4205	6397	2619	62.283	197.521	38.7	56.3
JRIU01000089.1	1	127587	30976	127587	100	35.7699	39.2	59.3
JRIU01000088.1	1	190015	47817	189440	99.6974	36.3098	39.2	58.2
JRIU01000087.1	1	1754	812	1727	98.4607	64.3683	39.2	48.5
JRIU01000086.1	1	184319	44208	183739	99.6853	35.135	39.2	59.4
JRIU01000085.1	1	103145	24976	102831	99.6956	35.5407	39.2	59.1
JRIU01000084.1	1	25700	6648	25438	98.9805	36.8101	39.2	56.8
JRIU01000083.1	1	3222	5515	2006	62.2595	234.61	39	59.7
JRIU01000082.1	1	342	173	342	100	55.3012	39.2	58.3
JRIU01000081.1	1	1140	2162	1140	100	248.38	39	47.3
JRIU01000080.1	1	265	102	265	100	40.5736	39	44.3
JRIU01000079.1	1	14050	4062	14004	99.6726	41.1981	39.2	58.6
JRIU01000078.1	1	72546	18371	72518	99.9614	37.1907	39.2	59
JRIU01000077.1	1	20828	5476	20828	100	38.7535	39.2	59.9
JRIU01000076.1	1	10056	2561	9893	98.3791	36.3669	39.2	50.9
JRIU01000075.1	1	39173	10567	38848	99.1703	39.536	39.2	59.2
JRIU01000074.1	1	85433	19921	85244	99.7788	34.0705	39.2	59.7
JRIU01000073.1	1	272	132	272	100	59.6765	39	58.7
JRIU01000072.1	1	150714	34763	150673	99.9728	34.1021	39.2	59.7
JRIU01000071.1	1	4256	1155	4232	99.4361	38.8156	39.2	57.8
JRIU01000070.1	1	71065	17934	70837	99.6792	37.1856	39.2	59.6
JRIU01000069.1	1	2222	850	2210	99.4599	52.4982	39.1	50.1
JRIU01000068.1	1	236	109	236	100	40.1864	39.1	35.4
JRIU01000067.1	1	67078	18463	66970	99.839	39.9187	39.2	57.4
JRIU01000066.1	1	4142	1456	4142	100	50.4418	39.2	50.7
JRIU01000065.1	1	125219	30649	125219	100	36.12	39.2	59.6
JRIU01000064.1	1	108796	25948	108597	99.8171	35.2458	39.2	59.1
JRIU01000063.1	1	323	499	323	100	132.105	39.3	41.1
JRIU01000062.1	1	228550	60906	228176	99.8364	38.5389	39.2	59.9
JRIU01000061.1	1	344	1016	328	95.3488	189.564	38.1	16.8
JRIU01000060.1	1	41077	9497	40979	99.7614	33.9304	39.2	59.4
JRIU01000059.1	1	213	50	213	100	30.1502	39.2	54.5
JRIU01000058.1	1	78266	19798	77835	99.4493	37.1763	39.2	58.7
JRIU01000057.1	1	49255	12248	49239	99.9675	36.763	39.2	58.9
JRIU01000056.1	1	89927	22272	89927	100	35.8501	39.2	58
JRIU01000055.1	1	66600	14135	66595	99.9925	31.3573	39.2	59.4
JRIU01000054.1	1	4663	1186	4663	100	36.8947	39.1	58.8
JRIU01000053.1	1	8106	1859	7839	96.7061	33.121	39.1	58.8
JRIU01000052.1	1	65944	15883	65799	99.7801	35.2023	39.2	59.4
JRIU01000051.1	1	230	383	174	75.6522	165.113	39.3	41
JRIU01000050.1	1	8978	3704	8978	100	58.833	39.2	48.8
JRIU01000049.1	1	2689	882	2689	100	46.5389	39.2	57.7
JRIU01000048.1	1	16579	4281	16579	100	38.0464	39.2	59.9
JRIU01000047.1	1	47648	12957	47625	99.9517	39.9318	39.2	59.7
JRIU01000046.1	1	114207	29210	113894	99.7259	37.6615	39.2	59.7
JRIU01000045.1	1	19072	4591	19072	100	34.3742	39.2	59.8
JRIU01000044.1	1	392	155	392	100	47.125	39.1	48.1
JRIU01000043.1	1	209686	53986	209357	99.8431	37.4875	39.2	58.5
JRIU01000042.1	1	1420	3700	1338	94.2254	256.232	38.8	32.7
JRIU01000041.1	1	80581	17977	80223	99.5557	32.7422	39.2	59.7
JRIU01000040.1	1	2684	7819	2516	93.7407	402.654	38.9	58.2
JRIU01000039.1	1	4389	6573	2533	57.7125	186.779	38.9	54.4
JRIU01000038.1	1	19970	5303	19948	99.8898	38.9861	39.2	59.5
JRIU01000037.1	1	243759	61999	243514	99.8995	37.5582	39.2	59.7
JRIU01000036.1	1	41874	10914	41561	99.2525	38.5453	39.2	59
JRIU01000035.1	1	35501	9305	35297	99.4254	38.6625	39.2	59.5
JRIU01000034.1	1	7726	1878	7726	100	35.4544	39.2	55.8
JRIU01000033.1	1	63080	15104	63066	99.9778	35.4411	39.2	59.3
JRIU01000032.1	1	112697	26453	112324	99.669	34.1759	39.2	59.5
JRIU01000031.1	1	128238	31649	126807	98.8841	35.9919	39.2	59.2
JRIU01000030.1	1	102607	24199	101911	99.3217	34.7844	39.2	59.9
JRIU01000029.1	1	2889	948	2889	100	47.9775	39.3	59.6
JRIU01000028.1	1	976	1354	678	69.4672	130.207	39.3	42.5
JRIU01000027.1	1	200129	48967	199877	99.8741	35.9973	39.2	59.8
JRIU01000026.1	1	92597	20685	92372	99.757	32.9574	39.2	59.7
JRIU01000025.1	1	697	213	675	96.8436	35.4964	39.3	53.8
JRIU01000024.1	1	7628	1656	7363	96.526	31.7029	39.2	59.4
JRIU01000023.1	1	2917	690	2917	100	34.5485	39.2	59.3
JRIU01000022.1	1	2797	848	2797	100	42.9103	39.2	59
JRIU01000021.1	1	43940	10813	43911	99.934	36.2659	39.2	59
JRIU01000020.1	1	582	239	406	69.7595	37.9828	39.3	52.3
JRIU01000019.1	1	99425	24450	99350	99.9246	36.08	39.2	59.5
JRIU01000018.1	1	100695	25007	100413	99.7199	36.5823	39.2	59.8
JRIU01000017.1	1	1644	477	1589	96.6545	36.3443	39.3	55.8
JRIU01000016.1	1	90696	22660	90254	99.5127	35.5056	39.2	58.6
JRIU01000015.1	1	339	157	339	100	50.4425	39.1	49.9
JRIU01000014.1	1	53418	13448	53366	99.9027	37.1183	39.2	59.3
JRIU01000013.1	1	8324	2008	8118	97.5252	35.3086	39.2	59.6
JRIU01000012.1	1	150181	37442	149972	99.8608	36.7029	39.2	59.8
JRIU01000011.1	1	1490	359	1489	99.9329	35.3772	39.2	42.2
JRIU01000010.1	1	32399	8475	32399	100	38.6648	39.2	55.1
JRIU01000009.1	1	57716	15246	57400	99.4525	38.9285	39.2	58.9
JRIU01000008.1	1	13055	3268	13031	99.8162	36.5835	39.1	59.5
JRIU01000007.1	1	260032	63391	259872	99.9385	35.8117	39.2	59.3
JRIU01000006.1	1	81554	18337	81361	99.7633	32.9961	39.2	57.6
JRIU01000005.1	1	679	255	679	100	48.4654	39.1	56.7
JRIU01000004.1	1	81668	20077	81433	99.7122	35.9048	39.2	58.4
JRIU01000003.1	1	65673	16601	65260	99.3711	36.4153	39.2	58.2
JRIU01000002.1	1	114563	26289	113716	99.2607	33.8846	39.2	59.4
JRIU01000001.1	1	9053	2768	9053	100	43.5715	39.2	58.4
JRIU01000415.1	1	230	1954	230	100	1036.29	39.2	59.4
JRIU01000413.1	1	686	2130	686	100	395.045	39.1	57.7
JRIU01000412.1	1	266	1486	266	100	602.218	38.9	59.2
JRIU01000411.1	1	1143	6955	1143	100	875.957	39.2	60
JRIU01000410.1	1	201	1071	201	100	621.483	38.9	59.8
JRIU01000408.1	1	1121	3727	1121	100	465.707	38.8	59.9
JRIU01000407.1	1	1511	11806	1511	100	1116.44	39.2	59.9
JRIU01000406.1	1	4960	32767	4960	100	963.582	39.2	60
JRIU01000405.1	1	709	4181	709	100	774.963	39	56.2
JRIU01000404.1	1	3602	20918	3602	100	845.508	39.1	60
JRIU01000403.1	1	1135	5997	1135	100	742.863	39	60
JRIU01000402.1	1	2698	12810	2698	100	671.117	39.2	59.4
JRIU01000401.1	1	2066	8634	2066	100	601.254	39.1	59.9
JRIU01000400.1	1	6091	32731	6091	100	783.071	39.1	60
JRIU01000399.1	1	3589	23357	3589	100	947.935	39.1	60
JRIU01000398.1	1	724	2542	724	100	434.414	39	59.8
JRIU01000397.1	1	1785	6924	1785	100	551.822	39.1	56.1
JRIU01000396.1	1	4047	13144	3379	83.4939	467.609	39.1	57.3
JRIU01000395.1	1	314	1486	314	100	524.834	38.8	46.1
JRIU01000394.1	1	3612	17725	3612	100	697.13	39.1	57.5
JRIU01000391.1	1	255	495	255	100	221.169	39.2	55.5
JRIU01000390.1	1	1850	2603	1184	64	188.15	39	49
JRIU01000389.1	1	306	727	306	100	252.284	38.8	50.6
JRIU01000388.1	1	1501	1537	891	59.3604	129.932	39	57.2
JRIU01000387.1	1	366	625	366	100	160.041	38.9	41.2
JRIU01000386.1	1	2079	5207	1508	72.5349	350.355	38.9	59.3
JRIU01000385.1	1	768	1934	768	100	341.587	39	58.3
JRIU01000384.1	1	908	1851	908	100	284.124	39	59.5
JRIU01000383.1	1	2264	5923	1509	66.6519	356.862	39	60
JRIU01000382.1	1	325	720	325	100	285.446	39	59.9
JRIU01000381.1	1	2028	4250	1341	66.1243	286.869	39.1	59.9
JRIU01000380.1	1	3356	6487	2259	67.3123	235.1	38.8	53.9
JRIU01000379.1	1	319	349	319	100	142.113	39.3	57.9
JRIU01000378.1	1	2401	2472	1225	51.0204	138.16	39	59.4
JRIU01000377.1	1	263	475	263	100	212.947	38.8	53.4
JRIU01000376.1	1	766	2090	766	100	355.745	39	56.9
JRIU01000375.1	1	2465	2877	1784	72.3732	152.978	38.9	47.9
JRIU01000374.1	1	746	1469	746	100	272.164	38.9	59.7
JRIU01000373.1	1	967	1970	635	65.667	260.12	39	59.5
JRIU01000372.1	1	844	3306	844	100	510.117	39	57.5
JRIU01000414.1	1	2135	0	0	0	0	0	0
JRIU01000409.1	1	593	0	0	0	0	0	0
JRIU01000393.1	1	250	0	0	0	0	0	0
JRIU01000392.1	1	2426	0	0	0	0	0	0
