# The following table is formatted as tab separated values. 
#GeneName	GeneId	TranscriptId	BioType	variants_impact_HIGH	variants_impact_LOW	variants_impact_MODERATE	variants_impact_MODIFIER	variants_effect_disruptive_inframe_deletion	variants_effect_disruptive_inframe_insertion	variants_effect_downstream_gene_variant	variants_effect_frameshift_variant	variants_effect_missense_variant	variants_effect_stop_gained	variants_effect_synonymous_variant	variants_effect_upstream_gene_variant
W3030AC00100	Gene_1809_2984	W303_0AC00100	protein_coding	0	0	0	1	0	0	0	0	0	0	0	1
W3030AC00110	Gene_3463_6156	W303_0AC00110	protein_coding	0	0	0	1	0	0	0	0	0	0	0	1
W3030AK00100	Gene_687_1646	W303_0AK00100	protein_coding	0	0	0	1	0	0	1	0	0	0	0	0
W3030AK00110	Gene_2021_4396	W303_0AK00110	protein_coding	0	0	0	1	0	0	1	0	0	0	0	0
W3030AK00120	Gene_4651_5475	W303_0AK00120	protein_coding	0	0	0	1	0	0	1	0	0	0	0	0
W3030AL00270	Gene_34075_35679	W303_0AL00270	protein_coding	0	0	0	9	0	0	0	0	0	0	0	9
W3030AL00280	Gene_36492_37130	W303_0AL00280	protein_coding	0	0	0	9	0	0	9	0	0	0	0	0
W3030AL00290	Gene_37706_38755	W303_0AL00290	protein_coding	0	0	0	9	0	0	0	0	0	0	0	9
W3030AL00300	Gene_39414_40094	W303_0AL00300	protein_coding	0	0	0	9	0	0	9	0	0	0	0	0
W3030AL00310	Gene_40659_42683	W303_0AL00310	protein_coding	0	0	0	9	0	0	0	0	0	0	0	9
W3030AL00320	Gene_43078_44847	W303_0AL00320	protein_coding	0	0	0	9	0	0	0	0	0	0	0	9
W3030AN00210	Gene_17513_18388	W303_0AN00210	protein_coding	0	0	0	1	0	0	1	0	0	0	0	0
W3030AN00220	Gene_18661_19056	W303_0AN00220	protein_coding	0	0	0	1	0	0	0	0	0	0	0	1
W3030AN00230	Gene_19316_20608	W303_0AN00230	protein_coding	0	0	0	1	0	0	1	0	0	0	0	0
W3030AN00240	Gene_21218_23770	W303_0AN00240	protein_coding	0	0	1	0	1	0	0	0	0	0	0	0
W3030AN00250	Gene_24957_26111	W303_0AN00250	protein_coding	0	0	0	1	0	0	0	0	0	0	0	1
W3030AN00260	Gene_26345_27100	W303_0AN00260	protein_coding	0	0	0	1	0	0	1	0	0	0	0	0
W3030AN00270	Gene_27466_28197	W303_0AN00270	protein_coding	0	0	0	1	0	0	1	0	0	0	0	0
W3030AO00240	Gene_29574_31238	W303_0AO00240	protein_coding	0	0	0	1	0	0	1	0	0	0	0	0
W3030AO00250	Gene_31773_33134	W303_0AO00250	protein_coding	0	0	0	1	0	0	1	0	0	0	0	0
W3030AO00260	Gene_33488_34417	W303_0AO00260	protein_coding	0	0	0	1	0	0	0	0	0	0	0	1
W3030AO00270	Gene_34883_36238	W303_0AO00270	protein_coding	0	0	0	1	0	0	0	0	0	0	0	1
W3030AO00280	Gene_36532_39930	W303_0AO00280	protein_coding	0	0	0	1	0	0	1	0	0	0	0	0
W3030AO00330	Gene_53067_53819	W303_0AO00330	protein_coding	0	0	0	1	0	0	0	0	0	0	0	1
W3030AO00340	Gene_54117_55190	W303_0AO00340	protein_coding	0	0	0	1	0	0	1	0	0	0	0	0
W3030AO00350	Gene_58479_59198	W303_0AO00350	protein_coding	0	0	0	1	0	0	0	0	0	0	0	1
W3030AO00360	Gene_59624_60460	W303_0AO00360	protein_coding	0	0	0	1	0	0	0	0	0	0	0	1
W3030AO00370	Gene_60696_61637	W303_0AO00370	protein_coding	0	0	0	1	0	0	0	0	0	0	0	1
W3030AO00380	Gene_62136_63155	W303_0AO00380	protein_coding	0	0	0	1	0	0	0	0	0	0	0	1
W3030AP00100	Gene_754_1908	W303_0AP00100	protein_coding	0	0	0	7	0	0	7	0	0	0	0	0
W3030AP00110	Gene_2364_5111	W303_0AP00110	protein_coding	0	0	0	7	0	0	7	0	0	0	0	0
W3030AR00100	Gene_1855_2805	W303_0AR00100	protein_coding	0	0	0	18	0	0	0	0	0	0	0	18
W3030AR00110	Gene_3784_5045	W303_0AR00110	protein_coding	0	0	0	18	0	0	0	0	0	0	0	18
W3030AR00120	Gene_5518_6804	W303_0AR00120	protein_coding	0	0	0	10	0	0	0	0	0	0	0	10
W3030AT00110	Gene_7898_8647	W303_0AT00110	protein_coding	0	0	0	2	0	0	2	0	0	0	0	0
W3030AT00120	Gene_10512_11306	W303_0AT00120	protein_coding	0	0	0	2	0	0	0	0	0	0	0	2
W3030AT00130	Gene_13988_15850	W303_0AT00130	protein_coding	0	0	0	2	0	0	0	0	0	0	0	2
W3030AU00130	Gene_6824_8908	W303_0AU00130	protein_coding	0	0	0	1	0	0	0	0	0	0	0	1
W3030AU00140	Gene_9417_10031	W303_0AU00140	protein_coding	0	0	0	1	0	0	1	0	0	0	0	0
W3030AU00150	Gene_10480_10941	W303_0AU00150	protein_coding	0	1	0	0	0	0	0	0	0	0	1	0
W3030AU00160	Gene_12792_14927	W303_0AU00160	protein_coding	0	0	0	1	0	0	1	0	0	0	0	0
W3030AX00100	Gene_966_1547	W303_0AX00100	protein_coding	0	0	0	11	0	0	11	0	0	0	0	0
W3030AX00110	Gene_3120_4796	W303_0AX00110	protein_coding	0	0	0	11	0	0	0	0	0	0	0	11
W3030AX00280	Gene_42352_43725	W303_0AX00280	protein_coding	0	0	0	1	0	0	1	0	0	0	0	0
W3030AX00290	Gene_45157_49212	W303_0AX00290	protein_coding	1	0	0	0	0	0	0	1	0	0	0	0
W3030AX00300	Gene_49391_50170	W303_0AX00300	protein_coding	0	0	0	1	0	0	1	0	0	0	0	0
W3030AX00310	Gene_50618_50977	W303_0AX00310	protein_coding	0	0	0	1	0	0	1	0	0	0	0	0
W3030AX00320	Gene_51852_55073	W303_0AX00320	protein_coding	0	0	0	1	0	0	0	0	0	0	0	1
W3030BC00100	Gene_126_743	W303_0BC00100	protein_coding	0	1	2	2	0	0	0	0	2	0	1	2
W3030BC00110	Gene_1108_2868	W303_0BC00110	protein_coding	0	0	0	5	0	0	5	0	0	0	0	0
W3030BD00100	Gene_241_993	W303_0BD00100	protein_coding	0	1	0	0	0	0	0	0	0	0	1	0
W3030BD00110	Gene_1191_3890	W303_0BD00110	protein_coding	0	0	0	1	0	0	1	0	0	0	0	0
W3030BD00120	Gene_4131_4508	W303_0BD00120	protein_coding	0	0	0	1	0	0	1	0	0	0	0	0
W3030BD00130	Gene_4867_5499	W303_0BD00130	protein_coding	0	0	0	1	0	0	0	0	0	0	0	1
W3030BD00140	Gene_5494_7071	W303_0BD00140	protein_coding	0	0	0	3	0	0	1	0	0	0	0	2
W3030BD00150	Gene_7290_8645	W303_0BD00150	protein_coding	0	0	0	2	0	0	2	0	0	0	0	0
W3030BD00160	Gene_9210_9713	W303_0BD00160	protein_coding	0	0	0	2	0	0	0	0	0	0	0	2
W3030BD00170	Gene_9940_12582	W303_0BD00170	protein_coding	0	0	2	0	0	0	0	0	2	0	0	0
W3030BD00180	Gene_13060_16356	W303_0BD00180	protein_coding	0	0	0	2	0	0	2	0	0	0	0	0
W3030BE00100	Gene_1592_2560	W303_0BE00100	protein_coding	0	0	0	7	0	0	0	0	0	0	0	7
W3030BE00110	Gene_5888_7333	W303_0BE00110	protein_coding	0	0	0	7	0	0	7	0	0	0	0	0
W3030BE00120	Gene_7852_8817	W303_0BE00120	protein_coding	0	0	0	7	0	0	0	0	0	0	0	7
W3030BE00130	Gene_9000_10499	W303_0BE00130	protein_coding	0	0	0	7	0	0	7	0	0	0	0	0
W3030BE00270	Gene_40555_40824	W303_0BE00270	protein_coding	0	0	0	1	0	0	1	0	0	0	0	0
W3030BE00280	Gene_41270_42637	W303_0BE00280	protein_coding	0	0	0	1	0	0	0	0	0	0	0	1
W3030BE00290	Gene_42924_44810	W303_0BE00290	protein_coding	0	0	0	1	0	0	0	0	0	0	0	1
W3030BE00300	Gene_45352_46118	W303_0BE00300	protein_coding	0	1	0	0	0	0	0	0	0	0	1	0
W3030BE00310	Gene_46408_47346	W303_0BE00310	protein_coding	0	0	0	1	0	0	0	0	0	0	0	1
W3030BE00320	Gene_47520_50084	W303_0BE00320	protein_coding	0	0	0	1	0	0	1	0	0	0	0	0
W3030BE00330	Gene_50286_51614	W303_0BE00330	protein_coding	0	0	0	1	0	0	1	0	0	0	0	0
W3030BF00260	Gene_37727_40849	W303_0BF00260	protein_coding	0	0	0	2	0	0	2	0	0	0	0	0
W3030BF00270	Gene_41387_43507	W303_0BF00270	protein_coding	0	0	2	0	0	0	0	0	2	0	0	0
W3030BF00280	Gene_43644_44207	W303_0BF00280	protein_coding	0	0	0	2	0	0	2	0	0	0	0	0
W3030BF00290	Gene_45563_48844	W303_0BF00290	protein_coding	0	0	0	2	0	0	0	0	0	0	0	2
W3030BH00100	Gene_61_2472	W303_0BH00100	protein_coding	0	0	0	1	0	0	0	0	0	0	0	1
W3030BH00110	Gene_2713_2955	W303_0BH00110	protein_coding	0	0	0	1	0	0	0	0	0	0	0	1
W3030BH00120	Gene_3250_6576	W303_0BH00120	protein_coding	1	0	0	0	0	0	0	1	0	0	0	0
W3030BH00130	Gene_7041_8903	W303_0BH00130	protein_coding	0	0	0	1	0	0	1	0	0	0	0	0
W3030BT00100	Gene_1011_2138	W303_0BT00100	protein_coding	0	0	0	4	0	0	2	0	0	0	0	2
W3030BT00110	Gene_2714_4771	W303_0BT00110	protein_coding	0	0	1	3	0	0	0	0	1	0	0	3
W3030BT00120	Gene_4955_6022	W303_0BT00120	protein_coding	0	0	0	4	0	0	4	0	0	0	0	0
W3030BT00130	Gene_6500_7240	W303_0BT00130	protein_coding	0	0	0	2	0	0	0	0	0	0	0	2
W3030BT00140	Gene_7583_8542	W303_0BT00140	protein_coding	0	0	0	1	0	0	1	0	0	0	0	0
W3030BW00100	Gene_827_2224	W303_0BW00100	protein_coding	1	4	7	11	0	1	10	1	6	0	4	1
W3030BW00110	Gene_3166_3810	W303_0BW00110	protein_coding	0	0	0	23	0	0	23	0	0	0	0	0
W3030BW00120	Gene_4061_4612	W303_0BW00120	protein_coding	0	0	0	23	0	0	0	0	0	0	0	23
W3030BW00130	Gene_4982_7186	W303_0BW00130	protein_coding	0	0	0	23	0	0	23	0	0	0	0	0
W3030BX00180	Gene_18627_24413	W303_0BX00180	protein_coding	0	0	0	1	0	0	1	0	0	0	0	0
W3030BX00190	Gene_24705_26153	W303_0BX00190	protein_coding	0	0	0	1	0	0	0	0	0	0	0	1
W3030BX00200	Gene_26399_27472	W303_0BX00200	protein_coding	0	0	0	1	0	0	1	0	0	0	0	0
W3030BX00210	Gene_27805_28446	W303_0BX00210	protein_coding	1	0	0	0	0	0	0	1	0	0	0	0
W3030BX00220	Gene_28693_31674	W303_0BX00220	protein_coding	0	0	0	1	0	0	1	0	0	0	0	0
W3030BX00230	Gene_31941_34397	W303_0BX00230	protein_coding	0	0	0	1	0	0	1	0	0	0	0	0
W3030BY00190	Gene_19025_20359	W303_0BY00190	protein_coding	0	0	0	8	0	0	8	0	0	0	0	0
W3030BY00200	Gene_20410_20811	W303_0BY00200	protein_coding	0	0	0	8	0	0	0	0	0	0	0	8
W3030BY00210	Gene_21006_21842	W303_0BY00210	protein_coding	0	0	0	8	0	0	8	0	0	0	0	0
W3030BY00220	Gene_21892_22416	W303_0BY00220	protein_coding	0	0	0	8	0	0	0	0	0	0	0	8
W3030BY00230	Gene_22837_24576	W303_0BY00230	protein_coding	0	4	4	0	0	0	0	0	4	0	4	0
W3030BY00240	Gene_24927_25892	W303_0BY00240	protein_coding	0	0	0	8	0	0	0	0	0	0	0	8
W3030BY00250	Gene_26111_27838	W303_0BY00250	protein_coding	0	0	0	8	0	0	0	0	0	0	0	8
W3030BY00260	Gene_28076_30367	W303_0BY00260	protein_coding	0	0	0	8	0	0	0	0	0	0	0	8
W3030C00100	Gene_189_1184	W303_0C00100	protein_coding	2	0	0	0	0	0	0	2	0	0	0	0
W3030C00110	Gene_1640_1900	W303_0C00110	protein_coding	0	0	0	2	0	0	0	0	0	0	0	2
W3030C00120	Gene_2375_2996	W303_0C00120	protein_coding	0	0	0	2	0	0	0	0	0	0	0	2
W3030C00130	Gene_3493_4368	W303_0C00130	protein_coding	0	0	0	2	0	0	0	0	0	0	0	2
W3030C00140	Gene_5121_6356	W303_0C00140	protein_coding	0	0	0	2	0	0	0	0	0	0	0	2
W3030CA00210	Gene_27706_30870	W303_0CA00210	protein_coding	0	0	0	1	0	0	1	0	0	0	0	0
W3030CA00220	Gene_31257_34091	W303_0CA00220	protein_coding	0	1	0	0	0	0	0	0	0	0	1	0
W3030CA00230	Gene_34260_34739	W303_0CA00230	protein_coding	0	0	0	1	0	0	1	0	0	0	0	0
W3030CA00240	Gene_35054_35602	W303_0CA00240	protein_coding	0	0	0	1	0	0	1	0	0	0	0	0
W3030CA00250	Gene_35752_36357	W303_0CA00250	protein_coding	0	0	0	1	0	0	1	0	0	0	0	0
W3030CA00260	Gene_36527_37798	W303_0CA00260	protein_coding	0	0	0	1	0	0	1	0	0	0	0	0
W3030CB00230	Gene_28305_31652	W303_0CB00230	protein_coding	0	0	0	1	0	0	0	0	0	0	0	1
W3030CB00240	Gene_32253_32614	W303_0CB00240	protein_coding	0	0	0	1	0	0	0	0	0	0	0	1
W3030CB00250	Gene_32862_36899	W303_0CB00250	protein_coding	0	0	1	0	0	0	0	0	1	0	0	0
W3030CB00260	Gene_37599_38153	W303_0CB00260	protein_coding	0	0	0	1	0	0	0	0	0	0	0	1
W3030CB00270	Gene_38520_41609	W303_0CB00270	protein_coding	0	0	0	1	0	0	1	0	0	0	0	0
W3030CC00100	Gene_12_413	W303_0CC00100	protein_coding	0	1	0	0	0	0	0	0	0	0	1	0
W3030CC00110	Gene_1017_3878	W303_0CC00110	protein_coding	0	0	0	2	0	0	1	0	0	0	0	1
W3030CC00120	Gene_4145_5017	W303_0CC00120	protein_coding	0	0	0	2	0	0	1	0	0	0	0	1
W3030CC00130	Gene_6481_7434	W303_0CC00130	protein_coding	1	0	0	0	0	0	0	1	0	1	0	0
W3030CC00140	Gene_7718_9466	W303_0CC00140	protein_coding	0	0	0	1	0	0	0	0	0	0	0	1
W3030CC00150	Gene_9655_10905	W303_0CC00150	protein_coding	0	0	0	1	0	0	1	0	0	0	0	0
W3030CC00160	Gene_11778_14927	W303_0CC00160	protein_coding	0	0	0	1	0	0	0	0	0	0	0	1
W3030CF00100	Gene_1_1089	W303_0CF00100	protein_coding	0	0	1	0	0	0	0	0	1	0	0	0
W3030CF00110	Gene_1779_4538	W303_0CF00110	protein_coding	0	0	0	1	0	0	0	0	0	0	0	1
W3030CF00120	Gene_4765_5811	W303_0CF00120	protein_coding	0	0	0	1	0	0	1	0	0	0	0	0
W3030CJ00100	Gene_1006_2238	W303_0CJ00100	protein_coding	0	0	1	0	0	0	0	0	1	0	0	0
W3030CJ00110	Gene_2570_4372	W303_0CJ00110	protein_coding	0	0	0	1	0	0	1	0	0	0	0	0
W3030CJ00120	Gene_5379_6119	W303_0CJ00120	protein_coding	0	0	0	1	0	0	0	0	0	0	0	1
W3030CJ00130	Gene_6230_8683	W303_0CJ00130	protein_coding	0	0	0	1	0	0	1	0	0	0	0	0
W3030CL00100	Gene_588_743	W303_0CL00100	protein_coding	0	0	0	13	0	0	13	0	0	0	0	0
W3030CL00110	Gene_2209_2985	W303_0CL00110	protein_coding	0	0	0	13	0	0	0	0	0	0	0	13
W3030CL00120	Gene_3191_3742	W303_0CL00120	protein_coding	0	0	0	13	0	0	13	0	0	0	0	0
W3030CL00130	Gene_4085_9031	W303_0CL00130	protein_coding	0	0	0	13	0	0	0	0	0	0	0	13
W3030CP00100	Gene_1580_3952	W303_0CP00100	protein_coding	0	0	1	0	1	0	0	0	0	0	0	0
W3030CP00110	Gene_4580_5542	W303_0CP00110	protein_coding	0	0	0	1	0	0	1	0	0	0	0	0
W3030CP00250	Gene_31458_34610	W303_0CP00250	protein_coding	0	0	0	6	0	0	6	0	0	0	0	0
W3030CP00260	Gene_34967_35251	W303_0CP00260	protein_coding	0	0	0	6	0	0	6	0	0	0	0	0
W3030CP00270	Gene_35440_35928	W303_0CP00270	protein_coding	0	0	0	6	0	0	0	0	0	0	0	6
W3030CP00280	Gene_37736_39679	W303_0CP00280	protein_coding	0	0	0	6	0	0	6	0	0	0	0	0
W3030CP00290	Gene_39942_40568	W303_0CP00290	protein_coding	0	0	0	6	0	0	6	0	0	0	0	0
W3030CP00300	Gene_40784_41872	W303_0CP00300	protein_coding	0	0	0	6	0	0	6	0	0	0	0	0
W3030CQ00200	Gene_16631_24649	W303_0CQ00200	protein_coding	1	0	0	0	0	0	0	1	0	0	0	0
W3030CQ00210	Gene_25005_26291	W303_0CQ00210	protein_coding	0	0	0	2	0	0	1	0	0	0	0	1
W3030CQ00220	Gene_27013_31476	W303_0CQ00220	protein_coding	0	1	0	1	0	0	1	0	0	0	1	0
W3030CQ00230	Gene_31876_32583	W303_0CQ00230	protein_coding	0	0	0	1	0	0	1	0	0	0	0	0
W3030CQ00240	Gene_32869_33480	W303_0CQ00240	protein_coding	0	0	0	1	0	0	0	0	0	0	0	1
W3030CQ00250	Gene_35267_38320	W303_0CQ00250	protein_coding	0	0	0	1	0	0	1	0	0	0	0	0
W3030CQ00260	Gene_38613_40115	W303_0CQ00260	protein_coding	0	0	0	1	0	0	1	0	0	0	0	0
W3030CS00100	Gene_2_2023	W303_0CS00100	protein_coding	0	2	3	0	0	0	0	0	3	0	2	0
W3030CS00110	Gene_2769_4451	W303_0CS00110	protein_coding	0	0	0	5	0	0	5	0	0	0	0	0
W3030CS00120	Gene_4926_6026	W303_0CS00120	protein_coding	0	0	0	5	0	0	5	0	0	0	0	0
W3030CT00210	Gene_32528_33580	W303_0CT00210	protein_coding	0	0	0	1	0	0	0	0	0	0	0	1
W3030CT00220	Gene_34830_35252	W303_0CT00220	protein_coding	0	0	0	1	0	0	0	0	0	0	0	1
W3030CT00230	Gene_35705_37669	W303_0CT00230	protein_coding	0	0	0	1	0	0	0	0	0	0	0	1
W3030CT00240	Gene_38115_39929	W303_0CT00240	protein_coding	1	0	0	0	0	0	0	1	0	0	0	0
W3030DI00100	Gene_1067_2308	W303_0DI00100	protein_coding	0	0	0	2	0	0	2	0	0	0	0	0
W3030DI00110	Gene_2741_4243	W303_0DI00110	protein_coding	0	0	0	2	0	0	2	0	0	0	0	0
W3030DJ00100	Gene_1378_2916	W303_0DJ00100	protein_coding	0	0	0	7	0	0	7	0	0	0	0	0
W3030DJ00110	Gene_3633_3932	W303_0DJ00110	protein_coding	0	0	0	7	0	0	7	0	0	0	0	0
W3030DJ00120	Gene_4318_6930	W303_0DJ00120	protein_coding	0	0	0	7	0	0	7	0	0	0	0	0
W3030DN00130	Gene_6496_8127	W303_0DN00130	protein_coding	0	0	0	2	0	0	0	0	0	0	0	2
W3030DN00140	Gene_12396_13556	W303_0DN00140	protein_coding	0	0	0	2	0	0	0	0	0	0	0	2
W3030DO00100	Gene_319_1173	W303_0DO00100	protein_coding	0	0	0	4	0	0	0	0	0	0	0	4
W3030DO00110	Gene_1826_2671	W303_0DO00110	protein_coding	0	0	0	4	0	0	0	0	0	0	0	4
W3030DO00120	Gene_2960_3478	W303_0DO00120	protein_coding	0	0	0	4	0	0	4	0	0	0	0	0
W3030DO00130	Gene_4074_4385	W303_0DO00130	protein_coding	0	0	0	4	0	0	0	0	0	0	0	4
W3030DO00140	Gene_4552_6120	W303_0DO00140	protein_coding	0	0	0	5	0	0	4	0	0	0	0	1
W3030DO00150	Gene_6927_8963	W303_0DO00150	protein_coding	0	0	0	1	0	0	1	0	0	0	0	0
W3030DO00160	Gene_9267_10721	W303_0DO00160	protein_coding	0	0	1	0	0	0	0	0	1	0	0	0
W3030DO00170	Gene_11667_12638	W303_0DO00170	protein_coding	0	0	0	1	0	0	1	0	0	0	0	0
W3030DO00180	Gene_13949_14167	W303_0DO00180	protein_coding	0	0	0	1	0	0	1	0	0	0	0	0
W3030DQ00100	Gene_700_6729	W303_0DQ00100	protein_coding	1	0	4	1	1	0	0	1	3	0	0	1
W3030DT00100	Gene_2217_2675	W303_0DT00100	protein_coding	0	0	0	1	0	0	1	0	0	0	0	0
W3030DT00110	Gene_2892_4304	W303_0DT00110	protein_coding	0	0	0	1	0	0	1	0	0	0	0	0
W3030DT00120	Gene_5136_6299	W303_0DT00120	protein_coding	0	0	0	1	0	0	1	0	0	0	0	0
W3030DY00100	Gene_556_1644	W303_0DY00100	protein_coding	1	0	0	0	0	0	0	1	0	0	0	0
W3030DY00110	Gene_1924_2558	W303_0DY00110	protein_coding	0	0	0	1	0	0	0	0	0	0	0	1
W3030DY00120	Gene_4034_4510	W303_0DY00120	protein_coding	0	0	0	1	0	0	1	0	0	0	0	0
W3030DY00130	Gene_4794_5822	W303_0DY00130	protein_coding	0	0	0	1	0	0	0	0	0	0	0	1
W3030EC00100	Gene_1_258	W303_0EC00100	protein_coding	0	0	0	16	0	0	0	0	0	0	0	16
W3030EH00100	Gene_2140_2961	W303_0EH00100	protein_coding	0	0	0	4	0	0	4	0	0	0	0	0
W3030EH00110	Gene_3546_3977	W303_0EH00110	protein_coding	0	0	0	4	0	0	4	0	0	0	0	0
W3030EH00120	Gene_4219_6000	W303_0EH00120	protein_coding	4	0	0	0	0	0	0	4	0	0	0	0
W3030EH00130	Gene_6883_9636	W303_0EH00130	protein_coding	0	0	0	4	0	0	0	0	0	0	0	4
W3030ET00100	Gene_1927_3483	W303_0ET00100	protein_coding	0	0	0	2	0	0	2	0	0	0	0	0
W3030EW00100	Gene_3493_5151	W303_0EW00100	protein_coding	0	0	0	1	0	0	0	0	0	0	0	1
W3030EZ00100	Gene_1205_3055	W303_0EZ00100	protein_coding	0	0	0	3	0	0	0	0	0	0	0	3
W3030F00100	Gene_888_4328	W303_0F00100	protein_coding	0	0	0	1	0	0	1	0	0	0	0	0
W3030F00110	Gene_4636_7455	W303_0F00110	protein_coding	0	0	0	1	0	0	0	0	0	0	0	1
W3030FA00100	Gene_998_2470	W303_0FA00100	protein_coding	0	0	0	1	0	0	1	0	0	0	0	0
W3030FA00110	Gene_2713_3186	W303_0FA00110	protein_coding	0	0	0	1	0	0	1	0	0	0	0	0
W3030FA00120	Gene_3557_5110	W303_0FA00120	protein_coding	0	0	0	1	0	0	1	0	0	0	0	0
W3030FA00130	Gene_5343_6326	W303_0FA00130	protein_coding	0	0	0	1	0	0	1	0	0	0	0	0
W3030FD00100	Gene_608_763	W303_0FD00100	protein_coding	0	0	0	1	0	0	1	0	0	0	0	0
W3030FD00110	Gene_1031_3796	W303_0FD00110	protein_coding	0	0	0	1	0	0	1	0	0	0	0	0
W3030FD00120	Gene_4285_4764	W303_0FD00120	protein_coding	0	0	0	1	0	0	0	0	0	0	0	1
W3030FD00130	Gene_5173_6936	W303_0FD00130	protein_coding	0	0	0	1	0	0	0	0	0	0	0	1
W3030FL00100	Gene_217_660	W303_0FL00100	protein_coding	0	0	0	3	0	0	0	0	0	0	0	3
W3030FL00110	Gene_3229_5391	W303_0FL00110	protein_coding	0	0	0	3	0	0	0	0	0	0	0	3
W3030FM00100	Gene_2729_3268	W303_0FM00100	protein_coding	0	3	2	0	0	0	0	0	2	0	3	0
W3030FN00100	Gene_683_1396	W303_0FN00100	protein_coding	1	0	0	0	0	0	0	1	0	0	0	0
W3030FN00110	Gene_2413_3726	W303_0FN00110	protein_coding	0	0	0	1	0	0	0	0	0	0	0	1
W3030FR00100	Gene_731_4814	W303_0FR00100	protein_coding	0	0	0	4	0	0	0	0	0	0	0	4
W3030FS00100	Gene_448_1656	W303_0FS00100	protein_coding	0	0	0	1	0	0	0	0	0	0	0	1
W3030FS00110	Gene_2687_4165	W303_0FS00110	protein_coding	0	1	0	0	0	0	0	0	0	0	1	0
W3030FZ00100	Gene_2323_2493	W303_0FZ00100	protein_coding	0	0	0	7	0	0	7	0	0	0	0	0
W3030FZ00110	Gene_2845_3285	W303_0FZ00110	protein_coding	0	0	0	7	0	0	7	0	0	0	0	0
W3030FZ00120	Gene_3276_4019	W303_0FZ00120	protein_coding	0	0	0	7	0	0	7	0	0	0	0	0
W3030G00100	Gene_723_2840	W303_0G00100	protein_coding	0	0	0	3	0	0	0	0	0	0	0	3
W3030G00110	Gene_3327_4748	W303_0G00110	protein_coding	0	0	0	3	0	0	3	0	0	0	0	0
W3030G00120	Gene_6311_8446	W303_0G00120	protein_coding	0	3	0	0	0	0	0	0	0	0	3	0
W3030G00130	Gene_11705_12928	W303_0G00130	protein_coding	0	0	0	3	0	0	0	0	0	0	0	3
W3030GO00100	Gene_1280_1423	W303_0GO00100	protein_coding	0	0	0	1	0	0	0	0	0	0	0	1
W3030GO00110	Gene_1598_1831	W303_0GO00110	protein_coding	0	0	0	1	0	0	0	0	0	0	0	1
W3030HB00100	Gene_1212_1931	W303_0HB00100	protein_coding	0	0	0	2	0	0	0	0	0	0	0	2
W3030HN00100	Gene_145_504	W303_0HN00100	protein_coding	0	0	0	10	0	0	0	0	0	0	0	10
W3030HN00110	Gene_966_1247	W303_0HN00110	protein_coding	0	7	2	1	0	0	0	0	2	0	7	1
W3030ID00100	Gene_185_1537	W303_0ID00100	protein_coding	2	0	0	1	0	0	1	2	0	0	0	0
W3030IN00100	Gene_198_557	W303_0IN00100	protein_coding	0	0	0	1	0	0	0	0	0	0	0	1
W3030IN00110	Gene_554_1432	W303_0IN00110	protein_coding	0	0	0	1	0	0	0	0	0	0	0	1
W3030IO00100	Gene_1235_1414	W303_0IO00100	protein_coding	0	0	0	2	0	0	2	0	0	0	0	0
W3030IQ00100	Gene_244_948	W303_0IQ00100	protein_coding	0	2	8	0	0	0	0	0	8	0	2	0
W3030IQ00110	Gene_1100_1258	W303_0IQ00110	protein_coding	0	0	0	10	0	0	0	0	0	0	0	10
W3030J00100	Gene_869_2506	W303_0J00100	protein_coding	0	1	0	0	0	0	0	0	0	0	1	0
W3030J00110	Gene_2961_4343	W303_0J00110	protein_coding	0	0	0	1	0	0	0	0	0	0	0	1
W3030J00120	Gene_4647_6911	W303_0J00120	protein_coding	0	0	0	1	0	0	0	0	0	0	0	1
W3030JD00100	Gene_828_1038	W303_0JD00100	protein_coding	0	0	0	8	0	0	0	0	0	0	0	8
W3030JS00100	Gene_164_758	W303_0JS00100	protein_coding	1	1	3	0	0	0	0	1	3	0	1	0
W3030KO00100	Gene_3_464	W303_0KO00100	protein_coding	0	2	1	0	0	0	0	0	1	0	2	0
W3030L00380	Gene_64925_69394	W303_0L00380	protein_coding	0	0	0	11	0	0	0	0	0	0	0	11
W3030L00390	Gene_70220_71350	W303_0L00390	protein_coding	0	9	2	0	0	0	0	0	2	0	9	0
W3030L00400	Gene_71575_72042	W303_0L00400	protein_coding	0	0	0	11	0	0	11	0	0	0	0	0
W3030L00410	Gene_72434_73369	W303_0L00410	protein_coding	0	0	0	11	0	0	11	0	0	0	0	0
W3030L00420	Gene_73926_76031	W303_0L00420	protein_coding	0	0	0	11	0	0	0	0	0	0	0	11
W3030LK00100	Gene_2_292	W303_0LK00100	protein_coding	1	0	0	0	0	0	0	1	0	0	0	0
W3030N00120	Gene_3227_3670	W303_0N00120	protein_coding	0	0	0	1	0	0	0	0	0	0	0	1
W3030N00130	Gene_4282_6738	W303_0N00130	protein_coding	0	0	0	1	0	0	1	0	0	0	0	0
W3030N00140	Gene_7254_8309	W303_0N00140	protein_coding	0	0	0	1	0	0	1	0	0	0	0	0
W3030N00150	Gene_9006_11813	W303_0N00150	protein_coding	0	0	0	1	0	0	0	0	0	0	0	1
W3030N00160	Gene_11971_13344	W303_0N00160	protein_coding	0	0	0	1	0	0	1	0	0	0	0	0
W3030P00140	Gene_7673_12982	W303_0P00140	protein_coding	0	0	0	1	0	0	0	0	0	0	0	1
W3030P00150	Gene_13378_14529	W303_0P00150	protein_coding	0	0	0	1	0	0	0	0	0	0	0	1
W3030P00160	Gene_17063_19000	W303_0P00160	protein_coding	0	1	0	0	0	0	0	0	0	0	1	0
W3030P00170	Gene_20728_22410	W303_0P00170	protein_coding	0	0	0	1	0	0	0	0	0	0	0	1
W3030W00100	Gene_733_1839	W303_0W00100	protein_coding	0	0	0	1	0	0	0	0	0	0	0	1
W3030W00110	Gene_2822_4465	W303_0W00110	protein_coding	0	0	0	1	0	0	0	0	0	0	0	1
W3030W00120	Gene_4811_5626	W303_0W00120	protein_coding	0	0	0	1	0	0	0	0	0	0	0	1
W3030Y00100	Gene_1564_2436	W303_0Y00100	protein_coding	0	0	0	6	0	0	6	0	0	0	0	0
W3030Y00110	Gene_2739_3095	W303_0Y00110	protein_coding	0	0	0	6	0	0	0	0	0	0	0	6
W3030Y00120	Gene_3424_4839	W303_0Y00120	protein_coding	0	0	0	6	0	0	6	0	0	0	0	0
W3030Y00130	Gene_5388_6281	W303_0Y00130	protein_coding	0	0	0	3	0	0	3	0	0	0	0	0
W3030Z00100	Gene_2039_4009	W303_0Z00100	protein_coding	0	0	0	5	0	0	5	0	0	0	0	0
W3030Z00110	Gene_4268_6367	W303_0Z00110	protein_coding	0	0	0	5	0	0	0	0	0	0	0	5
