# The following table is formatted as tab separated values. 
#GeneName	GeneId	TranscriptId	BioType	variants_impact_HIGH	variants_impact_LOW	variants_impact_MODERATE	variants_impact_MODIFIER	variants_effect_conservative_inframe_insertion	variants_effect_disruptive_inframe_deletion	variants_effect_disruptive_inframe_insertion	variants_effect_downstream_gene_variant	variants_effect_frameshift_variant	variants_effect_missense_variant	variants_effect_splice_region_variant	variants_effect_stop_gained	variants_effect_stop_lost	variants_effect_stop_retained_variant	variants_effect_synonymous_variant	variants_effect_upstream_gene_variant
W3030A00100	Gene_2096_4009	W303_0A00100	protein_coding	1	0	0	71	0	0	0	2	1	0	0	0	0	0	0	69
W3030A00110	Gene_4121_6148	W303_0A00110	protein_coding	0	1	1	73	0	0	0	70	0	1	0	0	0	0	1	3
W3030A00120	Gene_6454_8187	W303_0A00120	protein_coding	0	0	0	8	0	0	0	5	0	0	0	0	0	0	0	3
W3030A00130	Gene_8591_10480	W303_0A00130	protein_coding	0	0	0	7	0	0	0	2	0	0	0	0	0	0	0	5
W3030A00140	Gene_11547_12476	W303_0A00140	protein_coding	0	1	1	3	0	0	0	3	0	1	0	0	0	0	1	0
W3030A00150	Gene_13177_13836	W303_0A00150	protein_coding	0	0	0	5	0	0	0	0	0	0	0	0	0	0	0	5
W3030A00160	Gene_14066_15229	W303_0A00160	protein_coding	0	0	0	5	0	0	0	5	0	0	0	0	0	0	0	0
W3030A00170	Gene_16384_17190	W303_0A00170	protein_coding	0	0	0	2	0	0	0	0	0	0	0	0	0	0	0	2
W3030A00180	Gene_17362_18381	W303_0A00180	protein_coding	0	0	0	1	0	0	0	0	0	0	0	0	0	0	0	1
W3030A00190	Gene_18752_19525	W303_0A00190	protein_coding	0	0	0	1	0	0	0	1	0	0	0	0	0	0	0	0
W3030A00200	Gene_19657_21009	W303_0A00200	protein_coding	0	0	0	1	0	0	0	1	0	0	0	0	0	0	0	0
W3030A00210	Gene_23570_26227	W303_0A00210	protein_coding	0	0	0	1	0	0	0	0	0	0	0	0	0	0	0	1
W3030A00220	Gene_26542_27729	W303_0A00220	protein_coding	0	0	0	1	0	0	0	1	0	0	0	0	0	0	0	0
W3030A00260	Gene_33864_35102	W303_0A00260	protein_coding	0	0	0	9	0	0	0	9	0	0	0	0	0	0	0	0
W3030A00270	Gene_36132_37280	W303_0A00270	protein_coding	0	0	0	9	0	0	0	9	0	0	0	0	0	0	0	0
W3030A00280	Gene_38298_41318	W303_0A00280	protein_coding	0	2	7	16	0	0	0	16	0	7	0	0	0	0	2	0
W3030A00290	Gene_42267_43601	W303_0A00290	protein_coding	0	1	1	23	0	0	0	14	0	1	0	0	0	0	1	9
W3030A00300	Gene_44041_45489	W303_0A00300	protein_coding	0	0	0	24	0	0	0	14	0	0	0	0	0	0	0	10
W3030A00310	Gene_45911_46096	W303_0A00310	protein_coding	0	0	0	16	0	0	0	16	0	0	0	0	0	0	0	0
W3030A00320	Gene_46468_46941	W303_0A00320	protein_coding	0	0	0	16	0	0	0	16	0	0	0	0	0	0	0	0
W3030A00330	Gene_47618_49078	W303_0A00330	protein_coding	0	0	0	16	0	0	0	16	0	0	0	0	0	0	0	0
W3030A00340	Gene_50288_51523	W303_0A00340	protein_coding	0	0	0	14	0	0	0	14	0	0	0	0	0	0	0	0
W3030A00360	Gene_53404_54180	W303_0A00360	protein_coding	0	0	0	1	0	0	0	0	0	0	0	0	0	0	0	1
W3030A00370	Gene_54560_57187	W303_0A00370	protein_coding	0	0	0	1	0	0	0	1	0	0	0	0	0	0	0	0
W3030A00380	Gene_57293_58507	W303_0A00380	protein_coding	1	0	0	0	0	0	0	0	1	0	0	0	0	0	0	0
W3030A00390	Gene_58734_59600	W303_0A00390	protein_coding	0	0	0	1	0	0	0	1	0	0	0	0	0	0	0	0
W3030A00400	Gene_59844_62213	W303_0A00400	protein_coding	0	0	0	1	0	0	0	0	0	0	0	0	0	0	0	1
W3030A00410	Gene_62862_65111	W303_0A00410	protein_coding	0	0	0	1	0	0	0	0	0	0	0	0	0	0	0	1
W3030A00510	Gene_84091_86238	W303_0A00510	protein_coding	0	0	0	1	0	0	0	1	0	0	0	0	0	0	0	0
W3030A00520	Gene_86509_87150	W303_0A00520	protein_coding	0	0	0	1	0	0	0	1	0	0	0	0	0	0	0	0
W3030A00530	Gene_87991_88263	W303_0A00530	protein_coding	0	0	0	1	0	0	0	0	0	0	0	0	0	0	0	1
W3030A00540	Gene_89104_89424	W303_0A00540	protein_coding	0	0	0	1	0	0	0	1	0	0	0	0	0	0	0	0
W3030A00550	Gene_89629_91821	W303_0A00550	protein_coding	0	0	1	0	1	0	0	0	0	0	0	0	0	0	0	0
W3030A00560	Gene_93066_95579	W303_0A00560	protein_coding	0	0	0	1	0	0	0	1	0	0	0	0	0	0	0	0
W3030A00650	Gene_121288_122229	W303_0A00650	protein_coding	0	0	0	30	0	0	0	30	0	0	0	0	0	0	0	0
W3030A00660	Gene_122566_125400	W303_0A00660	protein_coding	0	0	0	30	0	0	0	30	0	0	0	0	0	0	0	0
W3030A00670	Gene_125553_126317	W303_0A00670	protein_coding	0	0	0	30	0	0	0	0	0	0	0	0	0	0	0	30
W3030A00680	Gene_127018_128454	W303_0A00680	protein_coding	0	0	0	30	0	0	0	30	0	0	0	0	0	0	0	0
W3030A00690	Gene_128858_130492	W303_0A00690	protein_coding	0	0	0	30	0	0	0	30	0	0	0	0	0	0	0	0
W3030A00700	Gene_130876_133077	W303_0A00700	protein_coding	0	0	0	30	0	0	0	30	0	0	0	0	0	0	0	0
W3030A00750	Gene_143734_144096	W303_0A00750	protein_coding	0	0	0	1	0	0	0	1	0	0	0	0	0	0	0	0
W3030A00760	Gene_144522_146831	W303_0A00760	protein_coding	0	0	0	1	0	0	0	1	0	0	0	0	0	0	0	0
W3030A00770	Gene_147542_148567	W303_0A00770	protein_coding	0	0	0	1	0	0	0	1	0	0	0	0	0	0	0	0
W3030A00780	Gene_148974_149597	W303_0A00780	protein_coding	1	0	0	0	0	0	0	0	1	0	0	0	0	0	0	0
W3030A00790	Gene_149770_150585	W303_0A00790	protein_coding	0	0	0	1	0	0	0	0	0	0	0	0	0	0	0	1
W3030A00800	Gene_150868_151971	W303_0A00800	protein_coding	0	0	0	1	0	0	0	1	0	0	0	0	0	0	0	0
W3030A00810	Gene_152500_154560	W303_0A00810	protein_coding	0	0	0	1	0	0	0	1	0	0	0	0	0	0	0	0
W3030A01060	Gene_203856_204620	W303_0A01060	protein_coding	0	0	0	1	0	0	0	0	0	0	0	0	0	0	0	1
W3030A01070	Gene_205340_205660	W303_0A01070	protein_coding	0	0	0	1	0	0	0	0	0	0	0	0	0	0	0	1
W3030A01080	Gene_206380_206808	W303_0A01080	protein_coding	0	0	0	1	0	0	0	1	0	0	0	0	0	0	0	0
W3030A01090	Gene_207311_208690	W303_0A01090	protein_coding	0	0	0	1	0	0	0	1	0	0	0	0	0	0	0	0
W3030A01100	Gene_209041_210132	W303_0A01100	protein_coding	1	0	0	0	0	0	0	0	1	0	0	0	0	0	0	0
W3030A01110	Gene_210423_211565	W303_0A01110	protein_coding	0	0	0	1	0	0	0	0	0	0	0	0	0	0	0	1
W3030A01120	Gene_211656_212807	W303_0A01120	protein_coding	0	0	0	1	0	0	0	1	0	0	0	0	0	0	0	0
W3030A01130	Gene_213155_216460	W303_0A01130	protein_coding	0	0	0	1	0	0	0	1	0	0	0	0	0	0	0	0
W3030AA00130	Gene_10917_11915	W303_0AA00130	protein_coding	0	0	0	1	0	0	0	0	0	0	0	0	0	0	0	1
W3030AA00140	Gene_12684_13589	W303_0AA00140	protein_coding	0	0	0	1	0	0	0	1	0	0	0	0	0	0	0	0
W3030AA00150	Gene_14043_15383	W303_0AA00150	protein_coding	0	0	0	1	0	0	0	0	0	0	0	0	0	0	0	1
W3030AA00160	Gene_15724_15933	W303_0AA00160	protein_coding	0	0	0	1	0	0	0	1	0	0	0	0	0	0	0	0
W3030AA00170	Gene_16888_17484	W303_0AA00170	protein_coding	0	0	0	1	0	0	0	0	0	0	0	0	0	0	0	1
W3030AA00180	Gene_17704_18891	W303_0AA00180	protein_coding	0	0	0	1	0	0	0	1	0	0	0	0	0	0	0	0
W3030AA00190	Gene_19381_20739	W303_0AA00190	protein_coding	0	0	0	1	0	0	0	1	0	0	0	0	0	0	0	0
W3030AB00100	Gene_1805_3454	W303_0AB00100	protein_coding	0	0	0	1	0	0	0	1	0	0	0	0	0	0	0	0
W3030AB00110	Gene_3964_6363	W303_0AB00110	protein_coding	0	0	0	1	0	0	0	1	0	0	0	0	0	0	0	0
W3030AD00120	Gene_3332_6436	W303_0AD00120	protein_coding	0	0	0	1	0	0	0	1	0	0	0	0	0	0	0	0
W3030AD00130	Gene_6747_11090	W303_0AD00130	protein_coding	0	0	0	1	0	0	0	0	0	0	0	0	0	0	0	1
W3030AD00140	Gene_11233_12609	W303_0AD00140	protein_coding	0	0	1	0	0	0	1	0	0	0	0	0	0	0	0	0
W3030AD00150	Gene_12950_15112	W303_0AD00150	protein_coding	0	0	0	1	0	0	0	0	0	0	0	0	0	0	0	1
W3030AD00160	Gene_15868_16644	W303_0AD00160	protein_coding	0	0	0	1	0	0	0	0	0	0	0	0	0	0	0	1
W3030AE00100	Gene_1459_2106	W303_0AE00100	protein_coding	0	0	0	2	0	0	0	0	0	0	0	0	0	0	0	2
W3030AE00110	Gene_2294_2890	W303_0AE00110	protein_coding	0	0	0	2	0	0	0	2	0	0	0	0	0	0	0	0
W3030AE00120	Gene_3171_3950	W303_0AE00120	protein_coding	0	0	0	2	0	0	0	2	0	0	0	0	0	0	0	0
W3030AE00130	Gene_4139_5620	W303_0AE00130	protein_coding	0	0	0	2	0	0	0	0	0	0	0	0	0	0	0	2
W3030AE00140	Gene_5728_7644	W303_0AE00140	protein_coding	0	0	0	2	0	0	0	2	0	0	0	0	0	0	0	0
W3030AH00100	Gene_567_2033	W303_0AH00100	protein_coding	0	0	0	2	0	0	0	2	0	0	0	0	0	0	0	0
W3030AH00110	Gene_2648_3364	W303_0AH00110	protein_coding	0	0	0	2	0	0	0	0	0	0	0	0	0	0	0	2
W3030AH00120	Gene_3425_4771	W303_0AH00120	protein_coding	0	0	0	2	0	0	0	2	0	0	0	0	0	0	0	0
W3030AI00110	Gene_1404_3338	W303_0AI00110	protein_coding	0	0	0	2	0	0	0	2	0	0	0	0	0	0	0	0
W3030AI00120	Gene_3647_4255	W303_0AI00120	protein_coding	0	0	0	2	0	0	0	0	0	0	0	0	0	0	0	2
W3030AI00130	Gene_4332_5810	W303_0AI00130	protein_coding	0	0	0	2	0	0	0	2	0	0	0	0	0	0	0	0
W3030AI00140	Gene_6051_7634	W303_0AI00140	protein_coding	1	1	0	0	0	0	0	0	0	0	0	1	0	0	1	0
W3030AI00150	Gene_8413_9315	W303_0AI00150	protein_coding	0	0	0	2	0	0	0	2	0	0	0	0	0	0	0	0
W3030AI00160	Gene_10609_10722	W303_0AI00160	protein_coding	0	0	0	2	0	0	0	2	0	0	0	0	0	0	0	0
W3030AI00170	Gene_11725_13371	W303_0AI00170	protein_coding	0	0	0	2	0	0	0	2	0	0	0	0	0	0	0	0
W3030AL00100	Gene_277_1692	W303_0AL00100	protein_coding	0	0	0	2	0	0	0	0	0	0	0	0	0	0	0	2
W3030AL00110	Gene_1869_2714	W303_0AL00110	protein_coding	0	0	0	2	0	0	0	1	0	0	0	0	0	0	0	1
W3030AL00120	Gene_2944_5022	W303_0AL00120	protein_coding	0	1	0	1	0	0	0	0	0	0	0	0	0	0	1	1
W3030AL00130	Gene_5376_6236	W303_0AL00130	protein_coding	0	0	0	2	0	0	0	0	0	0	0	0	0	0	0	2
W3030AL00140	Gene_7177_7725	W303_0AL00140	protein_coding	0	0	0	1	0	0	0	1	0	0	0	0	0	0	0	0
W3030AL00150	Gene_8313_10241	W303_0AL00150	protein_coding	0	0	0	1	0	0	0	1	0	0	0	0	0	0	0	0
W3030AN00490	Gene_64694_65677	W303_0AN00490	protein_coding	0	0	0	7	0	0	0	0	0	0	0	0	0	0	0	7
W3030AN00500	Gene_66114_68672	W303_0AN00500	protein_coding	0	0	0	14	0	0	0	0	0	0	0	0	0	0	0	14
W3030AN00510	Gene_69272_72514	W303_0AN00510	protein_coding	0	4	10	0	0	0	0	0	0	10	0	0	0	0	4	0
W3030AN00520	Gene_73280_74212	W303_0AN00520	protein_coding	0	0	0	14	0	0	0	0	0	0	0	0	0	0	0	14
W3030AN00530	Gene_74413_74970	W303_0AN00530	protein_coding	0	0	0	14	0	0	0	0	0	0	0	0	0	0	0	14
W3030AN00540	Gene_75091_86325	W303_0AN00540	protein_coding	0	0	0	14	0	0	0	14	0	0	0	0	0	0	0	0
W3030B00100	Gene_2699_3658	W303_0B00100	protein_coding	0	1	2	54	0	1	0	1	0	1	0	0	0	0	1	53
W3030B00110	Gene_4343_9337	W303_0B00110	protein_coding	1	0	0	56	0	0	0	56	1	0	0	0	0	0	0	0
W3030B00120	Gene_10142_11122	W303_0B00120	protein_coding	0	0	0	1	0	0	0	0	0	0	0	0	0	0	0	1
W3030B00130	Gene_11492_11962	W303_0B00130	protein_coding	0	0	0	1	0	0	0	0	0	0	0	0	0	0	0	1
W3030B00160	Gene_16461_20558	W303_0B00160	protein_coding	0	0	0	7	0	0	0	0	0	0	0	0	0	0	0	7
W3030B00170	Gene_21222_24098	W303_0B00170	protein_coding	0	1	0	7	0	0	0	7	0	0	0	0	0	0	1	0
W3030B00180	Gene_24323_25735	W303_0B00180	protein_coding	0	0	0	8	0	0	0	7	0	0	0	0	0	0	0	1
W3030B00190	Gene_25997_26698	W303_0B00190	protein_coding	0	0	0	8	0	0	0	7	0	0	0	0	0	0	0	1
W3030B00200	Gene_26891_30733	W303_0B00200	protein_coding	0	0	1	9	1	0	0	2	0	0	0	0	0	0	0	7
W3030B00210	Gene_31005_33623	W303_0B00210	protein_coding	0	1	0	9	0	0	0	8	0	0	0	0	0	0	1	1
W3030B00220	Gene_33857_38551	W303_0B00220	protein_coding	1	2	5	3	0	0	0	1	1	5	0	0	0	0	2	2
W3030B00230	Gene_39273_39620	W303_0B00230	protein_coding	0	0	0	10	0	0	0	2	0	0	0	0	0	0	0	8
W3030B00240	Gene_39909_44633	W303_0B00240	protein_coding	1	0	1	7	1	0	0	7	1	0	0	1	0	0	0	0
W3030B00250	Gene_45314_47122	W303_0B00250	protein_coding	0	0	0	3	0	0	0	1	0	0	0	0	0	0	0	2
W3030B00260	Gene_47449_48819	W303_0B00260	protein_coding	0	0	0	2	0	0	0	1	0	0	0	0	0	0	0	1
W3030B00270	Gene_49292_51748	W303_0B00270	protein_coding	0	0	1	1	0	1	0	1	0	0	0	0	0	0	0	0
W3030B00280	Gene_52063_54324	W303_0B00280	protein_coding	0	0	0	2	0	0	0	1	0	0	0	0	0	0	0	1
W3030B00290	Gene_55260_56735	W303_0B00290	protein_coding	0	0	0	2	0	0	0	0	0	0	0	0	0	0	0	2
W3030B00300	Gene_56891_57532	W303_0B00300	protein_coding	0	0	0	1	0	0	0	1	0	0	0	0	0	0	0	0
W3030B00310	Gene_58909_61011	W303_0B00310	protein_coding	0	0	0	1	0	0	0	1	0	0	0	0	0	0	0	0
W3030B00350	Gene_70271_71143	W303_0B00350	protein_coding	0	0	0	26	0	0	0	26	0	0	0	0	0	0	0	0
W3030B00360	Gene_71839_73374	W303_0B00360	protein_coding	0	0	0	26	0	0	0	26	0	0	0	0	0	0	0	0
W3030B00370	Gene_73812_75575	W303_0B00370	protein_coding	0	14	12	0	0	0	0	0	0	12	0	0	0	0	14	0
W3030B00380	Gene_76107_77468	W303_0B00380	protein_coding	0	0	0	27	0	0	0	1	0	0	0	0	0	0	0	26
W3030B00390	Gene_78767_80332	W303_0B00390	protein_coding	0	0	0	27	0	0	0	1	0	0	0	0	0	0	0	26
W3030B00400	Gene_80449_81177	W303_0B00400	protein_coding	0	0	0	1	0	0	0	0	0	0	0	0	0	0	0	1
W3030B00410	Gene_81447_81677	W303_0B00410	protein_coding	0	0	1	0	0	0	0	0	0	1	0	0	0	0	0	0
W3030B00420	Gene_82321_85683	W303_0B00420	protein_coding	0	0	0	2	0	0	0	1	0	0	0	0	0	0	0	1
W3030B00430	Gene_86063_87298	W303_0B00430	protein_coding	0	0	0	2	0	0	0	1	0	0	0	0	0	0	0	1
W3030B00440	Gene_87355_87432	W303_0B00440	protein_coding	0	0	0	1	0	0	0	0	0	0	0	0	0	0	0	1
W3030B00450	Gene_87924_89231	W303_0B00450	protein_coding	0	0	1	0	0	0	0	0	0	1	0	0	0	0	0	0
W3030B00460	Gene_89521_91761	W303_0B00460	protein_coding	0	0	0	1	0	0	0	1	0	0	0	0	0	0	0	0
W3030B00470	Gene_92511_92966	W303_0B00470	protein_coding	0	0	0	1	0	0	0	0	0	0	0	0	0	0	0	1
W3030B00480	Gene_93158_94597	W303_0B00480	protein_coding	0	0	0	1	0	0	0	1	0	0	0	0	0	0	0	0
W3030B00550	Gene_104603_109021	W303_0B00550	protein_coding	0	0	0	5	0	0	0	0	0	0	0	0	0	0	0	5
W3030B00560	Gene_109938_115049	W303_0B00560	protein_coding	0	4	1	0	0	0	0	0	0	1	0	0	0	0	4	0
W3030B00570	Gene_116084_116839	W303_0B00570	protein_coding	0	0	0	5	0	0	0	5	0	0	0	0	0	0	0	0
W3030B00580	Gene_117119_118075	W303_0B00580	protein_coding	0	0	0	5	0	0	0	0	0	0	0	0	0	0	0	5
W3030B00760	Gene_145329_147587	W303_0B00760	protein_coding	0	0	0	16	0	0	0	16	0	0	0	0	0	0	0	0
W3030B00770	Gene_147881_149152	W303_0B00770	protein_coding	0	0	0	16	0	0	0	0	0	0	0	0	0	0	0	16
W3030B00780	Gene_149401_149721	W303_0B00780	protein_coding	1	6	0	9	0	0	0	0	0	0	0	1	0	0	6	9
W3030B00790	Gene_150017_151309	W303_0B00790	protein_coding	0	0	0	16	0	0	0	16	0	0	0	0	0	0	0	0
W3030B00800	Gene_151840_152883	W303_0B00800	protein_coding	0	0	0	16	0	0	0	16	0	0	0	0	0	0	0	0
W3030B00810	Gene_153244_154260	W303_0B00810	protein_coding	0	0	0	16	0	0	0	0	0	0	0	0	0	0	0	16
W3030B00820	Gene_154455_156191	W303_0B00820	protein_coding	0	0	0	16	0	0	0	16	0	0	0	0	0	0	0	0
W3030C00100	Gene_189_1184	W303_0C00100	protein_coding	2	16	5	16	0	1	0	5	2	4	0	0	0	0	16	11
W3030C00110	Gene_1640_1900	W303_0C00110	protein_coding	0	0	0	39	0	0	0	5	0	0	0	0	0	0	0	34
W3030C00120	Gene_2375_2996	W303_0C00120	protein_coding	0	0	0	39	0	0	0	4	0	0	0	0	0	0	0	35
W3030C00130	Gene_3493_4368	W303_0C00130	protein_coding	0	0	0	39	0	0	0	4	0	0	0	0	0	0	0	35
W3030C00140	Gene_5121_6356	W303_0C00140	protein_coding	0	0	0	29	0	0	0	0	0	0	0	0	0	0	0	29
W3030C00150	Gene_7396_8322	W303_0C00150	protein_coding	0	0	0	5	0	0	0	1	0	0	0	0	0	0	0	4
W3030C00160	Gene_8626_11133	W303_0C00160	protein_coding	0	0	0	5	0	0	0	4	0	0	0	0	0	0	0	1
W3030C00170	Gene_11488_12075	W303_0C00170	protein_coding	1	0	0	0	0	0	0	0	1	0	1	0	1	0	0	0
W3030C00180	Gene_12728_13666	W303_0C00180	protein_coding	0	0	0	1	0	0	0	0	0	0	0	0	0	0	0	1
W3030C00190	Gene_13887_14309	W303_0C00190	protein_coding	0	0	0	1	0	0	0	0	0	0	0	0	0	0	0	1
W3030C00200	Gene_15021_17450	W303_0C00200	protein_coding	0	0	0	1	0	0	0	0	0	0	0	0	0	0	0	1
W3030C00240	Gene_21050_23707	W303_0C00240	protein_coding	0	0	0	2	0	0	0	2	0	0	0	0	0	0	0	0
W3030C00250	Gene_24035_26215	W303_0C00250	protein_coding	1	0	0	2	0	0	0	2	1	0	0	0	0	0	0	0
W3030C00260	Gene_26464_27595	W303_0C00260	protein_coding	0	1	0	2	0	0	0	1	0	0	0	0	0	0	1	1
W3030C00270	Gene_28073_28999	W303_0C00270	protein_coding	0	0	0	3	0	0	0	1	0	0	0	0	0	0	0	2
W3030C00280	Gene_29102_31024	W303_0C00280	protein_coding	0	0	1	2	0	1	0	2	0	0	0	0	0	0	0	0
W3030C00290	Gene_31384_35694	W303_0C00290	protein_coding	0	0	0	2	0	0	0	0	0	0	0	0	0	0	0	2
W3030C00390	Gene_49338_52631	W303_0C00390	protein_coding	0	0	0	1	0	0	0	1	0	0	0	0	0	0	0	0
W3030C00400	Gene_52773_54314	W303_0C00400	protein_coding	0	0	0	1	0	0	0	0	0	0	0	0	0	0	0	1
W3030C00410	Gene_54578_55642	W303_0C00410	protein_coding	0	0	0	1	0	0	0	0	0	0	0	0	0	0	0	1
W3030C00420	Gene_55885_56910	W303_0C00420	protein_coding	0	0	0	1	0	0	0	1	0	0	0	0	0	0	0	0
W3030C00430	Gene_57047_57631	W303_0C00430	protein_coding	1	0	0	28	0	0	0	0	1	0	0	0	0	0	0	28
W3030C00440	Gene_57857_59161	W303_0C00440	protein_coding	0	0	0	29	0	0	0	1	0	0	0	0	0	0	0	28
W3030C00450	Gene_59525_61978	W303_0C00450	protein_coding	1	1	1	26	0	0	0	25	0	1	0	1	0	0	1	1
W3030C00460	Gene_62375_64606	W303_0C00460	protein_coding	0	0	0	29	0	0	0	0	0	0	0	0	0	0	0	29
W3030C00470	Gene_65247_65687	W303_0C00470	protein_coding	0	0	0	28	0	0	0	0	0	0	0	0	0	0	0	28
W3030C00480	Gene_65858_67225	W303_0C00480	protein_coding	0	0	0	28	0	0	0	28	0	0	0	0	0	0	0	0
W3030C00580	Gene_82116_82436	W303_0C00580	protein_coding	0	0	0	28	0	0	0	0	0	0	0	0	0	0	0	28
W3030C00590	Gene_82956_84785	W303_0C00590	protein_coding	0	0	0	29	0	0	0	0	0	0	0	0	0	0	0	29
W3030C00600	Gene_86568_87062	W303_0C00600	protein_coding	0	0	0	29	0	0	0	28	0	0	0	0	0	0	0	1
W3030C00610	Gene_87671_88702	W303_0C00610	protein_coding	0	1	0	28	0	0	0	28	0	0	0	0	0	0	1	0
W3030C00620	Gene_89285_92434	W303_0C00620	protein_coding	0	0	0	31	0	0	0	29	0	0	0	0	0	0	0	2
W3030C00630	Gene_92982_93866	W303_0C00630	protein_coding	0	0	1	1	1	0	0	0	0	0	0	0	0	0	0	1
W3030C00640	Gene_94540_95302	W303_0C00640	protein_coding	0	0	0	2	0	0	0	1	0	0	0	0	0	0	0	1
W3030C00650	Gene_96361_98463	W303_0C00650	protein_coding	1	0	0	3	0	0	0	1	1	0	0	0	0	0	0	2
W3030C00660	Gene_98927_101881	W303_0C00660	protein_coding	0	0	0	3	0	0	0	2	0	0	0	0	0	0	0	1
W3030C00670	Gene_102150_102761	W303_0C00670	protein_coding	0	0	0	2	0	0	0	0	0	0	0	0	0	0	0	2
W3030C00680	Gene_103338_105254	W303_0C00680	protein_coding	1	1	0	0	0	0	0	0	0	0	0	1	0	0	1	0
W3030C00690	Gene_105435_106136	W303_0C00690	protein_coding	0	0	0	2	0	0	0	2	0	0	0	0	0	0	0	0
W3030C00700	Gene_106531_106710	W303_0C00700	protein_coding	0	0	0	2	0	0	0	2	0	0	0	0	0	0	0	0
W3030C00710	Gene_107149_108435	W303_0C00710	protein_coding	0	0	0	2	0	0	0	0	0	0	0	0	0	0	0	2
W3030C00770	Gene_116553_117269	W303_0C00770	protein_coding	0	0	0	3	0	0	0	0	0	0	0	0	0	0	0	3
W3030C00780	Gene_117981_123353	W303_0C00780	protein_coding	0	0	3	0	0	0	0	0	0	3	0	0	0	0	0	0
W3030C00790	Gene_123750_124736	W303_0C00790	protein_coding	0	0	0	3	0	0	0	0	0	0	0	0	0	0	0	3
W3030C00800	Gene_125193_127694	W303_0C00800	protein_coding	0	0	0	3	0	0	0	0	0	0	0	0	0	0	0	3
W3030C00830	Gene_134007_134564	W303_0C00830	protein_coding	0	0	0	1	0	0	0	0	0	0	0	0	0	0	0	1
W3030C00840	Gene_134980_135891	W303_0C00840	protein_coding	0	0	0	1	0	0	0	0	0	0	0	0	0	0	0	1
W3030C00850	Gene_136260_137087	W303_0C00850	protein_coding	0	0	0	1	0	0	0	1	0	0	0	0	0	0	0	0
W3030C00860	Gene_137378_138184	W303_0C00860	protein_coding	0	0	0	1	0	0	0	0	0	0	0	0	0	0	0	1
W3030C00870	Gene_139051_140523	W303_0C00870	protein_coding	0	0	1	0	0	0	0	0	0	1	0	0	0	0	0	0
W3030C00880	Gene_142077_143012	W303_0C00880	protein_coding	0	0	0	1	0	0	0	0	0	0	0	0	0	0	0	1
W3030C00890	Gene_143546_144067	W303_0C00890	protein_coding	0	0	0	1	0	0	0	0	0	0	0	0	0	0	0	1
W3030C01250	Gene_217808_218419	W303_0C01250	protein_coding	0	0	0	1	0	0	0	0	0	0	0	0	0	0	0	1
W3030C01260	Gene_218825_220117	W303_0C01260	protein_coding	0	0	0	1	0	0	0	1	0	0	0	0	0	0	0	0
W3030C01270	Gene_221061_223316	W303_0C01270	protein_coding	0	0	1	0	0	0	1	0	0	0	0	0	0	0	0	0
W3030C01280	Gene_223886_224491	W303_0C01280	protein_coding	0	0	0	1	0	0	0	0	0	0	0	0	0	0	0	1
W3030C01290	Gene_224963_225595	W303_0C01290	protein_coding	0	0	0	1	0	0	0	0	0	0	0	0	0	0	0	1
W3030C01300	Gene_226042_227424	W303_0C01300	protein_coding	0	0	0	1	0	0	0	0	0	0	0	0	0	0	0	1
W3030C01310	Gene_227677_228393	W303_0C01310	protein_coding	0	0	0	1	0	0	0	1	0	0	0	0	0	0	0	0
W3030D00100	Gene_342_803	W303_0D00100	protein_coding	2	2	8	24	0	0	0	10	2	8	0	0	0	0	2	14
W3030D00110	Gene_1481_1705	W303_0D00110	protein_coding	0	0	0	36	0	0	0	7	0	0	0	0	0	0	0	29
W3030D00120	Gene_1967_2587	W303_0D00120	protein_coding	0	0	0	36	0	0	0	29	0	0	0	0	0	0	0	7
W3030D00130	Gene_3294_6203	W303_0D00130	protein_coding	1	0	0	35	0	0	0	0	0	0	0	1	0	0	0	35
W3030D00140	Gene_6544_7047	W303_0D00140	protein_coding	0	0	0	7	0	0	0	7	0	0	0	0	0	0	0	0
W3030D00150	Gene_8757_10649	W303_0D00150	protein_coding	0	0	0	4	0	0	0	3	0	0	0	0	0	0	0	1
W3030D00160	Gene_11300_11641	W303_0D00160	protein_coding	0	0	0	3	0	0	0	3	0	0	0	0	0	0	0	0
W3030D00170	Gene_11937_13016	W303_0D00170	protein_coding	1	0	0	2	0	0	0	0	1	0	0	0	0	0	0	2
W3030D00180	Gene_13647_14972	W303_0D00180	protein_coding	0	1	1	1	0	0	0	1	0	1	0	0	0	0	1	0
W3030D00190	Gene_15695_16063	W303_0D00190	protein_coding	0	0	0	3	0	0	0	0	0	0	0	0	0	0	0	3
W3030D00200	Gene_16385_19498	W303_0D00200	protein_coding	0	0	0	3	0	0	0	3	0	0	0	0	0	0	0	0
W3030D00210	Gene_19941_20444	W303_0D00210	protein_coding	0	0	0	1	0	0	0	1	0	0	0	0	0	0	0	0
W3030D00230	Gene_22066_24327	W303_0D00230	protein_coding	0	0	0	3	0	0	0	0	0	0	0	0	0	0	0	3
W3030D00240	Gene_24756_25016	W303_0D00240	protein_coding	0	0	0	3	0	0	0	0	0	0	0	0	0	0	0	3
W3030D00250	Gene_25242_26120	W303_0D00250	protein_coding	0	0	0	3	0	0	0	0	0	0	0	0	0	0	0	3
W3030D00260	Gene_26886_27947	W303_0D00260	protein_coding	0	0	3	2	0	0	0	2	0	3	0	0	0	0	0	0
W3030D00270	Gene_28426_31194	W303_0D00270	protein_coding	0	0	0	6	0	0	0	3	0	0	0	0	0	0	0	3
W3030D00280	Gene_31649_32338	W303_0D00280	protein_coding	0	0	2	4	0	0	0	3	0	2	0	0	0	0	0	1
W3030D00290	Gene_32788_34710	W303_0D00290	protein_coding	0	1	0	3	0	0	0	3	0	0	0	0	0	0	1	0
W3030D00300	Gene_35037_36587	W303_0D00300	protein_coding	0	0	0	4	0	0	0	1	0	0	0	0	0	0	0	3
W3030D00310	Gene_36849_38198	W303_0D00310	protein_coding	0	0	0	4	0	0	0	3	0	0	0	0	0	0	0	1
W3030D00320	Gene_39067_40653	W303_0D00320	protein_coding	0	0	1	1	0	1	0	1	0	0	0	0	0	0	0	0
W3030D00330	Gene_42322_43422	W303_0D00330	protein_coding	0	0	0	3	0	0	0	2	0	0	0	0	0	0	0	1
W3030D00340	Gene_44049_45140	W303_0D00340	protein_coding	1	0	0	2	0	0	0	1	1	0	0	0	0	0	0	1
W3030D00350	Gene_45717_46391	W303_0D00350	protein_coding	0	0	0	2	0	0	0	1	0	0	0	0	0	0	0	1
W3030D00360	Gene_46632_47402	W303_0D00360	protein_coding	0	0	0	2	0	0	0	2	0	0	0	0	0	0	0	0
W3030D00370	Gene_48196_49767	W303_0D00370	protein_coding	0	0	0	2	0	0	0	0	0	0	0	0	0	0	0	2
W3030D00380	Gene_51179_54691	W303_0D00380	protein_coding	0	0	0	6	0	0	0	5	0	0	0	0	0	0	0	1
W3030D00390	Gene_55465_56964	W303_0D00390	protein_coding	0	0	0	5	0	0	0	5	0	0	0	0	0	0	0	0
W3030D00400	Gene_57403_59679	W303_0D00400	protein_coding	0	0	5	1	0	0	0	1	0	5	0	0	0	0	0	0
W3030D00410	Gene_60075_60785	W303_0D00410	protein_coding	0	0	0	6	0	0	0	1	0	0	0	0	0	0	0	5
W3030D00420	Gene_61026_64142	W303_0D00420	protein_coding	0	1	0	5	0	0	0	0	0	0	0	0	0	0	1	5
W3030D00430	Gene_65983_67776	W303_0D00430	protein_coding	0	0	0	1	0	0	0	1	0	0	0	0	0	0	0	0
W3030D00460	Gene_73462_74805	W303_0D00460	protein_coding	0	0	0	9	0	0	0	9	0	0	0	0	0	0	0	0
W3030D00470	Gene_75280_75783	W303_0D00470	protein_coding	0	0	0	9	0	0	0	0	0	0	0	0	0	0	0	9
W3030D00480	Gene_76140_78179	W303_0D00480	protein_coding	0	0	0	9	0	0	0	0	0	0	0	0	0	0	0	9
W3030D00490	Gene_78426_79040	W303_0D00490	protein_coding	0	0	0	9	0	0	0	0	0	0	0	0	0	0	0	9
W3030D00500	Gene_79046_79273	W303_0D00500	protein_coding	1	1	6	1	0	0	0	1	0	6	0	1	0	0	1	0
W3030D00510	Gene_79621_80454	W303_0D00510	protein_coding	0	0	0	9	0	0	0	0	0	0	0	0	0	0	0	9
W3030D00520	Gene_80626_83148	W303_0D00520	protein_coding	0	0	0	9	0	0	0	9	0	0	0	0	0	0	0	0
W3030D00530	Gene_83244_84650	W303_0D00530	protein_coding	0	0	0	9	0	0	0	9	0	0	0	0	0	0	0	0
W3030E00100	Gene_3142_3474	W303_0E00100	protein_coding	0	0	0	39	0	0	0	0	0	0	0	0	0	0	0	39
W3030E00110	Gene_3881_5932	W303_0E00110	protein_coding	0	0	0	59	0	0	0	20	0	0	0	0	0	0	0	39
W3030E00120	Gene_6768_8498	W303_0E00120	protein_coding	0	0	0	27	0	0	0	26	0	0	0	0	0	0	0	1
W3030E00130	Gene_8719_9741	W303_0E00130	protein_coding	1	0	0	43	0	0	0	43	1	0	0	0	0	0	0	0
W3030E00140	Gene_10168_10989	W303_0E00140	protein_coding	0	9	14	24	0	0	0	1	0	14	0	0	0	0	9	23
W3030E00150	Gene_11633_13825	W303_0E00150	protein_coding	0	0	0	67	0	0	0	41	0	0	0	0	0	0	0	26
W3030E00160	Gene_14059_16815	W303_0E00160	protein_coding	1	13	17	41	0	0	0	26	0	17	0	1	0	0	13	15
W3030E00170	Gene_16993_17298	W303_0E00170	protein_coding	0	1	0	45	0	0	0	5	0	0	0	0	0	0	1	40
W3030E00180	Gene_17398_17586	W303_0E00180	protein_coding	0	0	0	46	0	0	0	41	0	0	0	0	0	0	0	5
W3030E00190	Gene_17731_18633	W303_0E00190	protein_coding	0	0	0	46	0	0	0	5	0	0	0	0	0	0	0	41
W3030E00200	Gene_18683_19288	W303_0E00200	protein_coding	0	0	0	46	0	0	0	41	0	0	0	0	0	0	0	5
W3030E00210	Gene_19440_21779	W303_0E00210	protein_coding	2	2	1	40	0	0	0	0	1	1	0	1	0	0	2	40
W3030E00220	Gene_22070_24127	W303_0E00220	protein_coding	0	0	0	6	0	0	0	6	0	0	0	0	0	0	0	0
W3030E00230	Gene_24863_26293	W303_0E00230	protein_coding	0	0	0	5	0	0	0	5	0	0	0	0	0	0	0	0
W3030E00240	Gene_26705_27796	W303_0E00240	protein_coding	0	0	0	1	0	0	0	0	0	0	0	0	0	0	0	1
W3030E00250	Gene_28006_29937	W303_0E00250	protein_coding	0	0	0	3	0	0	0	3	0	0	0	0	0	0	0	0
W3030E00260	Gene_30085_33042	W303_0E00260	protein_coding	1	0	0	2	0	0	0	0	1	0	0	0	0	0	0	2
W3030E00270	Gene_33370_34473	W303_0E00270	protein_coding	0	0	0	3	0	0	0	3	0	0	0	0	0	0	0	0
W3030E00280	Gene_34821_35678	W303_0E00280	protein_coding	0	0	0	4	0	0	0	1	0	0	0	0	0	0	0	3
W3030E00290	Gene_35952_38198	W303_0E00290	protein_coding	0	0	0	4	0	0	0	3	0	0	0	0	0	0	0	1
W3030E00300	Gene_39065_40756	W303_0E00300	protein_coding	0	0	1	0	0	0	0	0	0	1	0	0	0	0	0	0
W3030E00310	Gene_41286_43034	W303_0E00310	protein_coding	0	0	0	1	0	0	0	1	0	0	0	0	0	0	0	0
W3030E00320	Gene_43324_44196	W303_0E00320	protein_coding	0	0	0	1	0	0	0	0	0	0	0	0	0	0	0	1
W3030E00330	Gene_44657_46969	W303_0E00330	protein_coding	0	0	0	1	0	0	0	0	0	0	0	0	0	0	0	1
W3030E00370	Gene_53160_55721	W303_0E00370	protein_coding	0	0	0	1	0	0	0	1	0	0	0	0	0	0	0	0
W3030E00380	Gene_55959_56714	W303_0E00380	protein_coding	0	0	0	1	0	0	0	1	0	0	0	0	0	0	0	0
W3030E00390	Gene_57585_57995	W303_0E00390	protein_coding	0	0	1	0	0	0	0	0	0	1	0	0	0	0	0	0
W3030E00400	Gene_61209_62735	W303_0E00400	protein_coding	0	0	0	3	0	0	0	2	0	0	0	0	0	0	0	1
W3030E00410	Gene_63259_64968	W303_0E00410	protein_coding	0	2	0	0	0	0	0	0	0	0	0	0	0	0	2	0
W3030E00420	Gene_65304_65945	W303_0E00420	protein_coding	0	0	0	2	0	0	0	2	0	0	0	0	0	0	0	0
W3030E00430	Gene_66071_66754	W303_0E00430	protein_coding	0	0	0	2	0	0	0	0	0	0	0	0	0	0	0	2
W3030E00440	Gene_66945_69008	W303_0E00440	protein_coding	0	0	0	2	0	0	0	0	0	0	0	0	0	0	0	2
W3030E00450	Gene_69227_70657	W303_0E00450	protein_coding	0	0	0	2	0	0	0	2	0	0	0	0	0	0	0	0
W3030E00600	Gene_110552_111736	W303_0E00600	protein_coding	0	0	0	1	0	0	0	1	0	0	0	0	0	0	0	0
W3030E00610	Gene_111997_113943	W303_0E00610	protein_coding	0	0	0	1	0	0	0	1	0	0	0	0	0	0	0	0
W3030E00620	Gene_114205_115239	W303_0E00620	protein_coding	0	0	0	1	0	0	0	1	0	0	0	0	0	0	0	0
W3030E00630	Gene_115437_118880	W303_0E00630	protein_coding	1	0	0	0	0	0	0	0	1	0	0	0	0	0	0	0
W3030E00640	Gene_119354_121798	W303_0E00640	protein_coding	0	0	0	1	0	0	0	0	0	0	0	0	0	0	0	1
W3030F00100	Gene_888_4328	W303_0F00100	protein_coding	4	2	3	31	0	0	0	24	4	3	1	0	0	1	1	7
W3030F00110	Gene_4636_7455	W303_0F00110	protein_coding	0	0	0	48	0	0	0	15	0	0	0	0	0	0	0	33
W3030F00120	Gene_7616_7984	W303_0F00120	protein_coding	0	0	0	16	0	0	0	15	0	0	0	0	0	0	0	1
W3030F00130	Gene_8216_8902	W303_0F00130	protein_coding	0	0	0	16	0	0	0	1	0	0	0	0	0	0	0	15
W3030F00140	Gene_10114_10804	W303_0F00140	protein_coding	0	0	0	15	0	0	0	0	0	0	0	0	0	0	0	15
W3030F00150	Gene_10977_12080	W303_0F00150	protein_coding	0	0	0	15	0	0	0	15	0	0	0	0	0	0	0	0
W3030F00160	Gene_12269_13126	W303_0F00160	protein_coding	0	0	0	16	0	0	0	15	0	0	0	0	0	0	0	1
W3030F00170	Gene_14250_16301	W303_0F00170	protein_coding	0	0	0	13	0	0	0	10	0	0	0	0	0	0	0	3
W3030F00180	Gene_17421_19427	W303_0F00180	protein_coding	1	1	1	1	0	0	0	1	1	1	0	0	0	0	1	0
W3030F00190	Gene_20273_22333	W303_0F00190	protein_coding	0	0	1	4	0	1	0	1	0	0	0	0	0	0	0	3
W3030F00200	Gene_22850_26713	W303_0F00200	protein_coding	0	1	0	4	0	0	0	0	0	0	0	0	0	0	1	4
W3030F00210	Gene_26977_29319	W303_0F00210	protein_coding	0	0	0	4	0	0	0	2	0	0	0	0	0	0	0	2
W3030F00220	Gene_29559_31634	W303_0F00220	protein_coding	0	0	0	14	0	0	0	13	0	0	0	0	0	0	0	1
W3030F00230	Gene_31904_32140	W303_0F00230	protein_coding	0	0	1	12	0	0	1	12	0	0	0	0	0	0	0	0
W3030F00240	Gene_32471_33919	W303_0F00240	protein_coding	1	0	0	12	0	0	0	1	1	0	0	0	0	0	0	11
W3030F00250	Gene_33951_34790	W303_0F00250	protein_coding	0	0	0	13	0	0	0	2	0	0	0	0	0	0	0	11
W3030F00260	Gene_35564_37120	W303_0F00260	protein_coding	3	4	3	4	0	0	0	1	0	3	0	3	0	0	4	3
W3030F00270	Gene_37429_38145	W303_0F00270	protein_coding	0	0	0	13	0	0	0	12	0	0	0	0	0	0	0	1
W3030F00280	Gene_38465_38803	W303_0F00280	protein_coding	0	0	0	12	0	0	0	11	0	0	0	0	0	0	0	1
W3030F00290	Gene_39209_42292	W303_0F00290	protein_coding	0	0	1	11	0	0	0	0	0	1	0	0	0	0	0	11
W3030F00300	Gene_43048_43218	W303_0F00300	protein_coding	0	0	0	2	0	0	0	1	0	0	0	0	0	0	0	1
W3030F00310	Gene_44197_45495	W303_0F00310	protein_coding	0	0	0	2	0	0	0	1	0	0	0	0	0	0	0	1
W3030F00320	Gene_45599_48241	W303_0F00320	protein_coding	0	0	1	2	0	0	0	1	0	1	0	0	0	0	0	1
W3030F00330	Gene_48479_48877	W303_0F00330	protein_coding	0	0	0	2	0	0	0	1	0	0	0	0	0	0	0	1
W3030F00340	Gene_48969_53018	W303_0F00340	protein_coding	1	0	0	2	0	0	0	1	1	0	0	0	0	0	0	1
W3030F00350	Gene_53237_56581	W303_0F00350	protein_coding	0	0	0	2	0	0	0	1	0	0	0	0	0	0	0	1
W3030F00360	Gene_57118_59802	W303_0F00360	protein_coding	0	0	0	3	0	0	0	1	0	0	0	0	0	0	0	2
W3030F00370	Gene_59947_62148	W303_0F00370	protein_coding	0	0	0	3	0	0	0	1	0	0	0	0	0	0	0	2
W3030F00380	Gene_62363_63589	W303_0F00380	protein_coding	0	0	1	1	0	0	0	0	0	1	0	0	0	0	0	1
W3030F00390	Gene_64693_66135	W303_0F00390	protein_coding	1	0	0	1	0	0	0	0	1	0	0	0	0	0	0	1
W3030F00400	Gene_67079_68125	W303_0F00400	protein_coding	0	0	0	2	0	0	0	0	0	0	0	0	0	0	0	2
W3030F00410	Gene_68317_69045	W303_0F00410	protein_coding	0	0	0	2	0	0	0	0	0	0	0	0	0	0	0	2
W3030F00420	Gene_69143_70174	W303_0F00420	protein_coding	0	0	0	1	0	0	0	1	0	0	0	0	0	0	0	0
W3030F00440	Gene_73480_74517	W303_0F00440	protein_coding	0	0	0	2	0	0	0	0	0	0	0	0	0	0	0	2
W3030F00450	Gene_75087_79157	W303_0F00450	protein_coding	0	1	1	5	0	0	0	0	0	1	0	0	0	0	1	5
W3030F00460	Gene_79617_80153	W303_0F00460	protein_coding	1	0	4	2	0	0	0	0	0	4	0	1	0	0	0	2
W3030F00470	Gene_80346_82319	W303_0F00470	protein_coding	0	0	0	7	0	0	0	7	0	0	0	0	0	0	0	0
W3030F00480	Gene_82535_84331	W303_0F00480	protein_coding	0	0	0	7	0	0	0	7	0	0	0	0	0	0	0	0
W3030F00490	Gene_84554_84616	W303_0F00490	protein_coding	0	0	0	5	0	0	0	5	0	0	0	0	0	0	0	0
W3030F00610	Gene_104514_105521	W303_0F00610	protein_coding	0	0	0	1	0	0	0	1	0	0	0	0	0	0	0	0
W3030F00620	Gene_105708_107519	W303_0F00620	protein_coding	0	0	0	1	0	0	0	0	0	0	0	0	0	0	0	1
W3030F00630	Gene_108332_110755	W303_0F00630	protein_coding	0	0	1	0	0	0	1	0	0	0	0	0	0	0	0	0
W3030F00640	Gene_111507_112382	W303_0F00640	protein_coding	0	0	0	1	0	0	0	0	0	0	0	0	0	0	0	1
W3030F00650	Gene_112491_113141	W303_0F00650	protein_coding	0	0	0	1	0	0	0	1	0	0	0	0	0	0	0	0
W3030F00660	Gene_113998_114894	W303_0F00660	protein_coding	0	0	0	1	0	0	0	0	0	0	0	0	0	0	0	1
W3030F00690	Gene_119869_121398	W303_0F00690	protein_coding	0	0	0	1	0	0	0	0	0	0	0	0	0	0	0	1
W3030F00700	Gene_121767_122282	W303_0F00700	protein_coding	0	0	0	1	0	0	0	0	0	0	0	0	0	0	0	1
W3030F00710	Gene_124148_125815	W303_0F00710	protein_coding	1	0	0	0	0	0	0	0	1	0	0	0	0	0	0	0
W3030F00720	Gene_126282_131912	W303_0F00720	protein_coding	0	0	0	2	0	0	0	1	0	0	0	0	0	0	0	1
W3030F00730	Gene_133091_134524	W303_0F00730	protein_coding	0	0	1	0	0	0	0	0	0	1	0	0	0	0	0	0
W3030F00740	Gene_135084_136022	W303_0F00740	protein_coding	0	0	0	1	0	0	0	1	0	0	0	0	0	0	0	0
W3030F00750	Gene_136803_139256	W303_0F00750	protein_coding	0	0	0	1	0	0	0	0	0	0	0	0	0	0	0	1
W3030F00930	Gene_175607_176580	W303_0F00930	protein_coding	0	0	0	1	0	0	0	1	0	0	0	0	0	0	0	0
W3030F00940	Gene_176577_177038	W303_0F00940	protein_coding	0	0	0	1	0	0	0	0	0	0	0	0	0	0	0	1
W3030F00950	Gene_177709_179271	W303_0F00950	protein_coding	0	0	0	1	0	0	0	1	0	0	0	0	0	0	0	0
W3030F00960	Gene_179504_181096	W303_0F00960	protein_coding	0	0	0	1	0	0	0	1	0	0	0	0	0	0	0	0
W3030F00970	Gene_181605_182366	W303_0F00970	protein_coding	0	0	0	1	0	0	0	1	0	0	0	0	0	0	0	0
W3030F00980	Gene_183013_184209	W303_0F00980	protein_coding	0	0	0	1	0	0	0	0	0	0	0	0	0	0	0	1
W3030F00990	Gene_184853_189622	W303_0F00990	protein_coding	0	0	0	1	0	0	0	0	0	0	0	0	0	0	0	1
W3030G00100	Gene_723_2840	W303_0G00100	protein_coding	0	1	0	49	0	0	0	48	0	0	0	0	0	0	1	1
W3030G00110	Gene_3327_4748	W303_0G00110	protein_coding	0	0	0	50	0	0	0	1	0	0	0	0	0	0	0	49
W3030G00120	Gene_6311_8446	W303_0G00120	protein_coding	0	0	0	2	0	0	0	2	0	0	0	0	0	0	0	0
W3030G00130	Gene_11705_12928	W303_0G00130	protein_coding	0	0	0	1	0	0	0	1	0	0	0	0	0	0	0	0
W3030G00140	Gene_14579_15559	W303_0G00140	protein_coding	0	1	0	0	0	0	0	0	0	0	0	0	0	0	1	0
W3030G00150	Gene_19436_21286	W303_0G00150	protein_coding	0	0	1	1	0	0	0	0	0	1	0	0	0	0	0	1
W3030G00160	Gene_22417_23361	W303_0G00160	protein_coding	0	0	0	1	0	0	0	0	0	0	0	0	0	0	0	1
W3030G00170	Gene_24027_27887	W303_0G00170	protein_coding	0	0	0	1	0	0	0	1	0	0	0	0	0	0	0	0
W3030G00200	Gene_31743_33614	W303_0G00200	protein_coding	0	0	0	8	0	0	0	8	0	0	0	0	0	0	0	0
W3030G00210	Gene_33902_35356	W303_0G00210	protein_coding	0	0	0	8	0	0	0	0	0	0	0	0	0	0	0	8
W3030G00220	Gene_36366_39440	W303_0G00220	protein_coding	0	4	4	0	0	0	0	0	0	4	0	0	0	0	4	0
W3030G00230	Gene_39626_43498	W303_0G00230	protein_coding	0	0	0	8	0	0	0	8	0	0	0	0	0	0	0	0
W3030G00240	Gene_44360_45175	W303_0G00240	protein_coding	0	0	0	7	0	0	0	7	0	0	0	0	0	0	0	0
W3030G00250	Gene_45310_46158	W303_0G00250	protein_coding	0	0	0	7	0	0	0	7	0	0	0	0	0	0	0	0
W3030G00260	Gene_46209_47012	W303_0G00260	protein_coding	0	0	0	7	0	0	0	0	0	0	0	0	0	0	0	7
W3030G00270	Gene_47254_50556	W303_0G00270	protein_coding	1	4	2	0	0	0	0	0	1	2	0	0	0	0	4	0
W3030G00280	Gene_50907_52805	W303_0G00280	protein_coding	0	0	0	7	0	0	0	0	0	0	0	0	0	0	0	7
W3030G00290	Gene_53138_60562	W303_0G00290	protein_coding	0	1	2	7	0	0	0	7	0	2	0	0	0	0	1	0
W3030G00300	Gene_61133_64576	W303_0G00300	protein_coding	0	0	0	3	0	0	0	3	0	0	0	0	0	0	0	0
W3030G00360	Gene_75998_77014	W303_0G00360	protein_coding	0	0	0	257	0	0	0	0	0	0	0	0	0	0	0	257
W3030G00370	Gene_77292_77669	W303_0G00370	protein_coding	0	0	0	257	0	0	0	0	0	0	0	0	0	0	0	257
W3030G00380	Gene_78167_79771	W303_0G00380	protein_coding	0	0	0	257	0	0	0	257	0	0	0	0	0	0	0	0
W3030G00390	Gene_80079_80682	W303_0G00390	protein_coding	0	0	0	257	0	0	0	257	0	0	0	0	0	0	0	0
W3030G00400	Gene_81846_83045	W303_0G00400	protein_coding	0	0	0	257	0	0	0	0	0	0	0	0	0	0	0	257
W3030G00410	Gene_83367_85928	W303_0G00410	protein_coding	0	0	0	257	0	0	0	257	0	0	0	0	0	0	0	0
W3030G00640	Gene_141656_142741	W303_0G00640	protein_coding	0	0	0	1	0	0	0	1	0	0	0	0	0	0	0	0
W3030G00650	Gene_143521_143829	W303_0G00650	protein_coding	0	0	0	1	0	0	0	0	0	0	0	0	0	0	0	1
W3030G00660	Gene_144995_146203	W303_0G00660	protein_coding	0	0	0	1	0	0	0	0	0	0	0	0	0	0	0	1
W3030G00670	Gene_146538_148052	W303_0G00670	protein_coding	0	0	1	0	1	0	0	0	0	0	0	0	0	0	0	0
W3030G00680	Gene_150634_151071	W303_0G00680	protein_coding	0	0	0	1	0	0	0	0	0	0	0	0	0	0	0	1
W3030G00690	Gene_151181_151816	W303_0G00690	protein_coding	0	0	0	1	0	0	0	1	0	0	0	0	0	0	0	0
W3030G00710	Gene_155978_156577	W303_0G00710	protein_coding	0	0	0	3	0	0	0	3	0	0	0	0	0	0	0	0
W3030G00720	Gene_156821_158707	W303_0G00720	protein_coding	0	0	0	3	0	0	0	0	0	0	0	0	0	0	0	3
W3030G00730	Gene_158966_159700	W303_0G00730	protein_coding	0	0	0	3	0	0	0	3	0	0	0	0	0	0	0	0
W3030G00740	Gene_161007_161750	W303_0G00740	protein_coding	0	0	0	3	0	0	0	3	0	0	0	0	0	0	0	0
W3030G00750	Gene_162262_163275	W303_0G00750	protein_coding	0	0	0	3	0	0	0	3	0	0	0	0	0	0	0	0
W3030G00760	Gene_163889_164797	W303_0G00760	protein_coding	0	0	0	3	0	0	0	0	0	0	0	0	0	0	0	3
W3030G00770	Gene_164957_166174	W303_0G00770	protein_coding	0	0	0	3	0	0	0	3	0	0	0	0	0	0	0	0
W3030G00820	Gene_174191_175582	W303_0G00820	protein_coding	0	0	0	1	0	0	0	1	0	0	0	0	0	0	0	0
W3030G00830	Gene_175925_176584	W303_0G00830	protein_coding	0	0	0	1	0	0	0	1	0	0	0	0	0	0	0	0
W3030G00840	Gene_177088_177684	W303_0G00840	protein_coding	0	0	0	1	0	0	0	1	0	0	0	0	0	0	0	0
W3030G00850	Gene_178200_179846	W303_0G00850	protein_coding	0	0	0	1	0	0	0	1	0	0	0	0	0	0	0	0
W3030G00860	Gene_180380_181990	W303_0G00860	protein_coding	0	1	0	0	0	0	0	0	0	0	0	0	0	0	1	0
W3030G00870	Gene_182249_182458	W303_0G00870	protein_coding	0	0	0	1	0	0	0	1	0	0	0	0	0	0	0	0
W3030G00880	Gene_182732_183127	W303_0G00880	protein_coding	0	0	0	1	0	0	0	1	0	0	0	0	0	0	0	0
W3030G00890	Gene_183403_183738	W303_0G00890	protein_coding	0	0	0	1	0	0	0	0	0	0	0	0	0	0	0	1
W3030G00900	Gene_183906_186086	W303_0G00900	protein_coding	0	0	0	1	0	0	0	1	0	0	0	0	0	0	0	0
W3030H00100	Gene_1448_7051	W303_0H00100	protein_coding	5	6	4	4138	0	0	0	11	5	4	0	0	0	0	6	4127
W3030H00110	Gene_7426_8829	W303_0H00110	protein_coding	1	5	4	8	0	0	0	3	0	4	0	1	0	0	5	5
W3030H00120	Gene_8959_11493	W303_0H00120	protein_coding	0	0	1	13	1	0	0	10	0	0	0	0	0	0	0	3
W3030H00130	Gene_11877_18464	W303_0H00130	protein_coding	1	2	0	12	0	0	0	11	1	0	0	0	0	0	2	1
W3030H00140	Gene_19085_20758	W303_0H00140	protein_coding	0	0	0	2	0	0	0	1	0	0	0	0	0	0	0	1
W3030H00150	Gene_21123_22076	W303_0H00150	protein_coding	1	0	0	1	0	0	0	1	1	0	0	0	0	0	0	0
W3030H00160	Gene_22538_23566	W303_0H00160	protein_coding	0	0	0	1	0	0	0	1	0	0	0	0	0	0	0	0
W3030H00170	Gene_24381_26411	W303_0H00170	protein_coding	0	0	0	1	0	0	0	0	0	0	0	0	0	0	0	1
W3030H00290	Gene_42169_43659	W303_0H00290	protein_coding	0	0	0	1	0	0	0	0	0	0	0	0	0	0	0	1
W3030H00300	Gene_43952_45322	W303_0H00300	protein_coding	0	0	0	1	0	0	0	0	0	0	0	0	0	0	0	1
W3030H00310	Gene_46125_47531	W303_0H00310	protein_coding	0	0	0	1	0	0	0	1	0	0	0	0	0	0	0	0
W3030H00320	Gene_47855_49831	W303_0H00320	protein_coding	0	0	1	0	0	0	0	0	0	1	0	0	0	0	0	0
W3030H00330	Gene_50119_52668	W303_0H00330	protein_coding	0	0	0	1	0	0	0	0	0	0	0	0	0	0	0	1
W3030H00340	Gene_53256_55337	W303_0H00340	protein_coding	0	0	0	1	0	0	0	0	0	0	0	0	0	0	0	1
W3030H00520	Gene_89045_92143	W303_0H00520	protein_coding	0	0	0	1	0	0	0	0	0	0	0	0	0	0	0	1
W3030H00530	Gene_92631_95321	W303_0H00530	protein_coding	0	0	0	1	0	0	0	0	0	0	0	0	0	0	0	1
W3030H00540	Gene_95927_96703	W303_0H00540	protein_coding	0	0	0	1	0	0	0	0	0	0	0	0	0	0	0	1
W3030H00550	Gene_97310_98998	W303_0H00550	protein_coding	0	0	0	1	0	0	0	0	0	0	0	0	0	0	0	1
W3030H00560	Gene_99394_99531	W303_0H00560	protein_coding	0	0	0	1	0	0	0	1	0	0	0	0	0	0	0	0
W3030H00570	Gene_100473_101144	W303_0H00570	protein_coding	0	0	0	1	0	0	0	1	0	0	0	0	0	0	0	0
W3030H00750	Gene_134625_137330	W303_0H00750	protein_coding	0	0	0	1	0	0	0	0	0	0	0	0	0	0	0	1
W3030H00760	Gene_137983_139338	W303_0H00760	protein_coding	0	0	0	1	0	0	0	1	0	0	0	0	0	0	0	0
W3030H00770	Gene_139414_140490	W303_0H00770	protein_coding	0	0	0	1	0	0	0	0	0	0	0	0	0	0	0	1
W3030H00780	Gene_141326_143791	W303_0H00780	protein_coding	0	1	0	0	0	0	0	0	0	0	0	0	0	0	1	0
W3030H00790	Gene_144587_145804	W303_0H00790	protein_coding	0	0	0	1	0	0	0	0	0	0	0	0	0	0	0	1
W3030H00800	Gene_146182_148302	W303_0H00800	protein_coding	0	0	0	1	0	0	0	0	0	0	0	0	0	0	0	1
W3030H00990	Gene_182745_185351	W303_0H00990	protein_coding	0	0	0	3	0	0	0	3	0	0	0	0	0	0	0	0
W3030H01000	Gene_185430_186770	W303_0H01000	protein_coding	0	0	0	3	0	0	0	0	0	0	0	0	0	0	0	3
W3030H01010	Gene_187155_189506	W303_0H01010	protein_coding	0	0	3	0	0	0	0	0	0	3	0	0	0	0	0	0
W3030H01020	Gene_191556_192476	W303_0H01020	protein_coding	0	0	0	3	0	0	0	0	0	0	0	0	0	0	0	3
W3030H01030	Gene_192734_193360	W303_0H01030	protein_coding	0	0	0	3	0	0	0	3	0	0	0	0	0	0	0	0
W3030I00100	Gene_669_1661	W303_0I00100	protein_coding	2	1	4	25	0	0	0	7	2	4	0	0	0	0	1	18
W3030I00110	Gene_2435_3403	W303_0I00110	protein_coding	1	0	0	31	0	0	0	0	1	0	0	0	0	0	0	31
W3030I00120	Gene_3723_4439	W303_0I00120	protein_coding	0	0	0	33	0	0	0	1	0	0	0	0	0	0	0	32
W3030I00130	Gene_4689_5393	W303_0I00130	protein_coding	0	0	0	33	0	0	0	32	0	0	0	0	0	0	0	1
W3030I00140	Gene_5866_8007	W303_0I00140	protein_coding	0	0	0	25	0	0	0	14	0	0	0	0	0	0	0	11
W3030I00150	Gene_8513_12919	W303_0I00150	protein_coding	2	1	8	3	0	0	0	0	1	8	0	1	0	0	1	3
W3030I00160	Gene_13253_15271	W303_0I00160	protein_coding	0	1	1	12	0	0	0	11	0	1	0	0	0	0	1	1
W3030I00170	Gene_16252_18111	W303_0I00170	protein_coding	1	0	0	13	0	0	0	1	1	0	0	0	0	0	0	12
W3030I00180	Gene_18511_22062	W303_0I00180	protein_coding	0	0	0	9	0	0	0	6	0	0	0	0	0	0	0	3
W3030I00190	Gene_22228_22908	W303_0I00190	protein_coding	0	0	0	6	0	0	0	0	0	0	0	0	0	0	0	6
W3030I00200	Gene_23180_23992	W303_0I00200	protein_coding	0	2	2	2	0	0	0	0	0	2	0	0	0	0	2	2
W3030I00210	Gene_24518_25180	W303_0I00210	protein_coding	0	0	0	6	0	0	0	0	0	0	0	0	0	0	0	6
W3030I00220	Gene_25704_26066	W303_0I00220	protein_coding	0	0	0	6	0	0	0	0	0	0	0	0	0	0	0	6
W3030I00230	Gene_28128_29432	W303_0I00230	protein_coding	0	0	0	5	0	0	0	5	0	0	0	0	0	0	0	0
W3030I00260	Gene_33260_34828	W303_0I00260	protein_coding	0	0	0	10	0	0	0	0	0	0	0	0	0	0	0	10
W3030I00270	Gene_35147_36811	W303_0I00270	protein_coding	0	0	0	10	0	0	0	0	0	0	0	0	0	0	0	10
W3030I00280	Gene_37605_40517	W303_0I00280	protein_coding	0	6	4	1	0	0	0	1	0	4	0	0	0	0	6	0
W3030I00290	Gene_40648_42129	W303_0I00290	protein_coding	0	0	0	12	0	0	0	10	0	0	0	0	0	0	0	2
W3030I00300	Gene_42632_44485	W303_0I00300	protein_coding	1	0	0	11	0	0	0	1	1	0	0	0	0	0	0	10
W3030I00310	Gene_44799_45146	W303_0I00310	protein_coding	0	0	0	2	0	0	0	1	0	0	0	0	0	0	0	1
W3030I00320	Gene_45491_48484	W303_0I00320	protein_coding	1	0	0	1	0	0	0	1	1	0	0	0	0	0	0	0
W3030I00330	Gene_48799_50277	W303_0I00330	protein_coding	0	0	0	2	0	0	0	2	0	0	0	0	0	0	0	0
W3030I00340	Gene_51002_53023	W303_0I00340	protein_coding	0	0	0	1	0	0	0	0	0	0	0	0	0	0	0	1
W3030I00360	Gene_56321_59182	W303_0I00360	protein_coding	0	0	0	1	0	0	0	0	0	0	0	0	0	0	0	1
W3030I00370	Gene_59506_60810	W303_0I00370	protein_coding	0	0	0	2	0	0	0	0	0	0	0	0	0	0	0	2
W3030I00380	Gene_60967_61689	W303_0I00380	protein_coding	0	0	0	2	0	0	0	0	0	0	0	0	0	0	0	2
W3030I00390	Gene_62338_63611	W303_0I00390	protein_coding	0	0	0	2	0	0	0	2	0	0	0	0	0	0	0	0
W3030I00400	Gene_63944_64402	W303_0I00400	protein_coding	0	0	0	2	0	0	0	1	0	0	0	0	0	0	0	1
W3030I00410	Gene_64678_67848	W303_0I00410	protein_coding	0	0	1	1	0	0	0	1	0	1	0	0	0	0	0	0
W3030I00420	Gene_68447_68968	W303_0I00420	protein_coding	0	0	0	2	0	0	0	0	0	0	0	0	0	0	0	2
W3030I00430	Gene_69558_70688	W303_0I00430	protein_coding	0	0	0	1	0	0	0	0	0	0	0	0	0	0	0	1
W3030I00580	Gene_94629_95384	W303_0I00580	protein_coding	0	0	0	1	0	0	0	1	0	0	0	0	0	0	0	0
W3030I00590	Gene_95608_96837	W303_0I00590	protein_coding	0	0	0	1	0	0	0	0	0	0	0	0	0	0	0	1
W3030I00600	Gene_97092_97481	W303_0I00600	protein_coding	0	0	0	1	0	0	0	1	0	0	0	0	0	0	0	0
W3030I00610	Gene_97874_99514	W303_0I00610	protein_coding	0	0	1	0	0	0	0	0	0	1	0	0	0	0	0	0
W3030I00620	Gene_99810_100634	W303_0I00620	protein_coding	0	0	0	1	0	0	0	1	0	0	0	0	0	0	0	0
W3030I00630	Gene_101182_102081	W303_0I00630	protein_coding	0	0	0	2	0	0	0	1	0	0	0	0	0	0	0	1
W3030I00640	Gene_102292_102798	W303_0I00640	protein_coding	0	0	0	2	0	0	0	1	0	0	0	0	0	0	0	1
W3030I00650	Gene_102942_103538	W303_0I00650	protein_coding	0	0	0	2	0	0	0	1	0	0	0	0	0	0	0	1
W3030I00660	Gene_103803_104672	W303_0I00660	protein_coding	0	0	0	2	0	0	0	1	0	0	0	0	0	0	0	1
W3030I00670	Gene_105541_106605	W303_0I00670	protein_coding	1	0	0	0	0	0	0	0	1	0	0	0	0	0	0	0
W3030I00680	Gene_108283_110553	W303_0I00680	protein_coding	0	0	0	2	0	0	0	1	0	0	0	0	0	0	0	1
W3030I00690	Gene_112539_112757	W303_0I00690	protein_coding	0	0	0	1	0	0	0	1	0	0	0	0	0	0	0	0
W3030I00700	Gene_113013_116345	W303_0I00700	protein_coding	0	0	0	1	0	0	0	0	0	0	0	0	0	0	0	1
W3030I00710	Gene_116766_117821	W303_0I00710	protein_coding	0	0	0	1	0	0	0	0	0	0	0	0	0	0	0	1
W3030Q00100	Gene_1_1377	W303_0Q00100	protein_coding	0	0	1	0	0	0	0	0	0	1	0	0	0	0	0	0
W3030Q00110	Gene_1957_3102	W303_0Q00110	protein_coding	0	0	0	1	0	0	0	1	0	0	0	0	0	0	0	0
W3030Q00120	Gene_3706_4824	W303_0Q00120	protein_coding	0	0	0	1	0	0	0	0	0	0	0	0	0	0	0	1
W3030U00100	Gene_1158_1580	W303_0U00100	protein_coding	0	0	0	2	0	0	0	0	0	0	0	0	0	0	0	2
W3030U00110	Gene_1789_2631	W303_0U00110	protein_coding	0	0	0	2	0	0	0	2	0	0	0	0	0	0	0	0
W3030U00120	Gene_3102_4712	W303_0U00120	protein_coding	0	0	0	2	0	0	0	2	0	0	0	0	0	0	0	0
W3030U00130	Gene_5306_6142	W303_0U00130	protein_coding	0	0	0	2	0	0	0	0	0	0	0	0	0	0	0	2
W3030W00330	Gene_47707_50121	W303_0W00330	protein_coding	0	0	0	1	0	0	0	0	0	0	0	0	0	0	0	1
W3030W00340	Gene_50659_52419	W303_0W00340	protein_coding	0	0	0	1	0	0	0	0	0	0	0	0	0	0	0	1
W3030W00350	Gene_53162_56629	W303_0W00350	protein_coding	1	0	0	0	0	0	0	0	1	0	0	0	0	0	0	0
W3030W00360	Gene_56837_59419	W303_0W00360	protein_coding	0	0	0	1	0	0	0	1	0	0	0	0	0	0	0	0
W3030X00500	Gene_87770_89824	W303_0X00500	protein_coding	0	0	0	2	0	0	0	0	0	0	0	0	0	0	0	2
W3030X00510	Gene_90202_90771	W303_0X00510	protein_coding	0	0	0	2	0	0	0	2	0	0	0	0	0	0	0	0
W3030X00520	Gene_90934_91539	W303_0X00520	protein_coding	0	0	0	2	0	0	0	2	0	0	0	0	0	0	0	0
W3030X00530	Gene_91687_92238	W303_0X00530	protein_coding	0	0	0	2	0	0	0	0	0	0	0	0	0	0	0	2
W3030X00540	Gene_92542_93045	W303_0X00540	protein_coding	1	0	1	0	0	0	0	0	0	1	0	1	0	0	0	0
W3030X00550	Gene_93181_94653	W303_0X00550	protein_coding	0	0	0	2	0	0	0	2	0	0	0	0	0	0	0	0
W3030X00560	Gene_95241_96098	W303_0X00560	protein_coding	0	0	0	2	0	0	0	2	0	0	0	0	0	0	0	0
W3030X00570	Gene_96223_97503	W303_0X00570	protein_coding	0	0	0	2	0	0	0	2	0	0	0	0	0	0	0	0
